Sample	star-total_reads	star-mapped	star-mapped_percent	star-uniquely_mapped	star-uniquely_mapped_percent	star-multimapped	fastp-pct_duplication	fastp-after_filtering_q30_rate	fastp-after_filtering_q30_bases	fastp-filtering_result_passed_filter_reads	fastp-after_filtering_gc_content	fastp-pct_surviving	fastp-pct_adapter	fastqc-percent_duplicates	fastqc-percent_gc	fastqc-avg_sequence_length	fastqc-median_sequence_length	fastqc-percent_fails	fastqc-total_sequences
HBR_Rep1_ERCC-Mix2_Build37-ErccTranscripts-chr22	0.11706	0.061938999999999994	52.910000000000004	0.060665	51.82	0.001274													
HBR_Rep1_ERCC-Mix2_Build37-ErccTranscripts-chr22.read1							10.549	95.1266	22.222552	0.23412	50.3573	98.72565804454715	1.359522986227661	42.68581693668773	50.0	100.0	100	9.090909090909092	0.118571
HBR_Rep1_ERCC-Mix2_Build37-ErccTranscripts-chr22.read2														43.55955503453627	50.0	100.0	100	9.090909090909092	0.118571
HBR_Rep2_ERCC-Mix2_Build37-ErccTranscripts-chr22	0.14252199999999998	0.07526999999999999	52.81	0.073687	51.7	0.001583													
HBR_Rep2_ERCC-Mix2_Build37-ErccTranscripts-chr22.read1							11.9958	94.9897	27.020149999999997	0.28504399999999996	50.697199999999995	98.40912543327856	1.5950174692389487	44.349080966124866	50.0	100.0	100	9.090909090909092	0.14482599999999998
HBR_Rep2_ERCC-Mix2_Build37-ErccTranscripts-chr22.read2														45.194923563448555	50.0	100.0	100	0.0	0.14482599999999998
HBR_Rep3_ERCC-Mix2_Build37-ErccTranscripts-chr22	0.128083	0.067661	52.830000000000005	0.066305	51.77	0.001356													
HBR_Rep3_ERCC-Mix2_Build37-ErccTranscripts-chr22.read1							11.072799999999999	95.0484	24.342937	0.256166	50.365300000000005	98.68783998274083	0.8471637927049143	43.329018538209056	50.0	100.0	100	9.090909090909092	0.12978599999999998
HBR_Rep3_ERCC-Mix2_Build37-ErccTranscripts-chr22.read2														44.05791071456089	50.0	100.0	100	0.0	0.12978599999999998
UHR_Rep1_ERCC-Mix1_Build37-ErccTranscripts-chr22	0.222417	0.106927	48.07	0.100759	45.3	0.006168													
UHR_Rep1_ERCC-Mix1_Build37-ErccTranscripts-chr22.read1							14.5511	92.03869999999999	40.861829	0.444834	49.4636	97.8121481846327	1.0266412186884324	44.53446790661649	49.0	100.0	100	9.090909090909092	0.22739199999999998
UHR_Rep1_ERCC-Mix1_Build37-ErccTranscripts-chr22.read2														45.25801767783306	49.0	100.0	100	0.0	0.22739199999999998
UHR_Rep2_ERCC-Mix1_Build37-ErccTranscripts-chr22	0.15852	0.08162599999999999	51.49	0.07683799999999999	48.47	0.004788													
UHR_Rep2_ERCC-Mix1_Build37-ErccTranscripts-chr22.read1							12.4805	91.95360000000001	29.101771	0.31704	48.9278	97.62706853972027	1.3191848398440627	46.779329075646814	48.0	100.0	100	9.090909090909092	0.162373
UHR_Rep2_ERCC-Mix1_Build37-ErccTranscripts-chr22.read2														47.404433003023904	49.0	100.0	100	9.090909090909092	0.162373
UHR_Rep3_ERCC-Mix1_Build37-ErccTranscripts-chr22	0.180668	0.085524	47.330000000000005	0.080513	44.56	0.005011													
UHR_Rep3_ERCC-Mix1_Build37-ErccTranscripts-chr22.read1							13.758500000000002	92.0652	33.151533	0.361336	49.591499999999996	97.4256101638248	2.0922984005780783	51.462451871744264	49.0	100.0	100	18.181818181818183	0.185442
UHR_Rep3_ERCC-Mix1_Build37-ErccTranscripts-chr22.read2														52.71998792075151	49.0	100.0	100	9.090909090909092	0.185442
