## htsjdk.samtools.metrics.StringHeader
# CollectHsMetrics --BAIT_INTERVALS /lustre1/user/bjx131_pkuhpc/wes_run_full_20260920/qc/targets.interval_list --TARGET_INTERVALS /lustre1/user/bjx131_pkuhpc/wes_run_full_20260920/qc/targets.interval_list --INPUT /lustre1/user/bjx131_pkuhpc/wes_run_full_20260920/1_alignment/PBMC/blood_sorted.markdup.BQSR.bam --OUTPUT /lustre1/user/bjx131_pkuhpc/wes_run_full_20260920/qc/full_PBMC.hs_metrics.txt --REFERENCE_SEQUENCE /lustre1/share/references/hg38.fa --METRIC_ACCUMULATION_LEVEL ALL_READS --NEAR_DISTANCE 250 --MINIMUM_MAPPING_QUALITY 20 --MINIMUM_BASE_QUALITY 20 --CLIP_OVERLAPPING_READS true --INCLUDE_INDELS false --COVERAGE_CAP 200 --SAMPLE_SIZE 10000 --ALLELE_FRACTION 0.001 --ALLELE_FRACTION 0.005 --ALLELE_FRACTION 0.01 --ALLELE_FRACTION 0.02 --ALLELE_FRACTION 0.05 --ALLELE_FRACTION 0.1 --ALLELE_FRACTION 0.2 --ALLELE_FRACTION 0.3 --ALLELE_FRACTION 0.5 --VERBOSITY INFO --QUIET false --VALIDATION_STRINGENCY STRICT --COMPRESSION_LEVEL 2 --MAX_RECORDS_IN_RAM 500000 --CREATE_INDEX false --CREATE_MD5_FILE false --help false --version false --showHidden false --USE_JDK_DEFLATER false --USE_JDK_INFLATER false
## htsjdk.samtools.metrics.StringHeader
# Started on: Mon Sep 21 08:56:11 CST 2026

## METRICS CLASS	picard.analysis.directed.HsMetrics
BAIT_SET	BAIT_TERRITORY	BAIT_DESIGN_EFFICIENCY	ON_BAIT_BASES	NEAR_BAIT_BASES	OFF_BAIT_BASES	PCT_SELECTED_BASES	PCT_OFF_BAIT	ON_BAIT_VS_SELECTED	MEAN_BAIT_COVERAGE	PCT_USABLE_BASES_ON_BAIT	PCT_USABLE_BASES_ON_TARGET	FOLD_ENRICHMENT	HS_LIBRARY_SIZE	HS_PENALTY_10X	HS_PENALTY_20X	HS_PENALTY_30X	HS_PENALTY_40X	HS_PENALTY_50X	HS_PENALTY_100X	TARGET_TERRITORY	GENOME_SIZE	TOTAL_READS	PF_READS	PF_BASES	PF_UNIQUE_READS	PF_UQ_READS_ALIGNED	PF_BASES_ALIGNED	PF_UQ_BASES_ALIGNED	ON_TARGET_BASES	PCT_PF_READS	PCT_PF_UQ_READS	PCT_PF_UQ_READS_ALIGNED	MEAN_TARGET_COVERAGE	MEDIAN_TARGET_COVERAGE	MAX_TARGET_COVERAGE	MIN_TARGET_COVERAGE	ZERO_CVG_TARGETS_PCT	PCT_EXC_DUPE	PCT_EXC_ADAPTER	PCT_EXC_MAPQ	PCT_EXC_BASEQ	PCT_EXC_OVERLAP	PCT_EXC_OFF_TARGET	FOLD_80_BASE_PENALTY	PCT_TARGET_BASES_1X	PCT_TARGET_BASES_2X	PCT_TARGET_BASES_10X	PCT_TARGET_BASES_20X	PCT_TARGET_BASES_30X	PCT_TARGET_BASES_40X	PCT_TARGET_BASES_50X	PCT_TARGET_BASES_100X	PCT_TARGET_BASES_250X	PCT_TARGET_BASES_500X	PCT_TARGET_BASES_1000X	PCT_TARGET_BASES_2500X	PCT_TARGET_BASES_5000X	PCT_TARGET_BASES_10000X	PCT_TARGET_BASES_25000X	PCT_TARGET_BASES_50000X	PCT_TARGET_BASES_100000X	AT_DROPOUT	GC_DROPOUT	HET_SNP_SENSITIVITY	HET_SNP_Q	SAMPLE	LIBRARY	READ_GROUP
targets	60507855	1	9579153064	3703104871	1357606817	0.907266	0.092734	0.721199	158.312554	0.653623	0.376808	35.676994	197819236	3.716027	3.786894	3.863667	3.94044	4.024299	4.515645	60507855	3299210039	103270440	103270440	14655476743	92145559	92144965	14639864752	13032510970	5522306258	1	0.892274	0.999994	91.26594	96	1664	0	0.0812	0.109793	0	0.087135	0.00363	0.229851	0.192396	1.54688	0.914509	0.912185	0.904477	0.896212	0.885498	0.869525	0.843092	0.463666	0.000169	0.00001	0.000004	0	0	0	0	0	0	6.827869	0.243266	0.911562	11			

## HISTOGRAM	java.lang.Integer
coverage_or_base_quality	high_quality_coverage_count	unfiltered_baseq_count
0	5172853	0
1	140619	0
2	91657	0
3	68568	0
4	60280	0
5	54313	0
6	49590	0
7	49766	17315
8	46710	404218
9	45518	1670940
10	46513	2751381
11	45722	3297720
12	46492	3916552
13	47396	3222158
14	49043	3508263
15	50120	5433686
16	52229	4534134
17	52871	440762
18	53481	980750
19	56223	3376336
20	56393	8081921
21	57676	11870878
22	58801	14271280
23	60384	11159735
24	63046	7844288
25	66381	6895926
26	67641	5388876
27	70590	4438936
28	71948	3124726
29	75425	3417772
30	78816	6887900
31	81879	9281868
32	85906	89658320
33	88610	88776767
34	93236	177469770
35	97119	298072403
36	101907	588873052
37	107134	574413461
38	113759	1451597196
39	118160	1219005172
40	124496	370802518
41	130302	395498953
42	138106	175474540
43	145585	0
44	154728	0
45	162417	0
46	171221	0
47	181016	0
48	190783	0
49	200752	0
50	210942	0
51	221483	0
52	233111	0
53	244327	0
54	255606	0
55	268459	0
56	281315	0
57	294370	0
58	307081	0
59	319825	0
60	331447	0
61	344186	0
62	357854	0
63	371606	0
64	384156	0
65	396293	0
66	409461	0
67	420837	0
68	434490	0
69	441953	0
70	451779	0
71	462429	0
72	470886	0
73	482075	0
74	491298	0
75	500615	0
76	507309	0
77	515760	0
78	524195	0
79	533019	0
80	537238	0
81	544474	0
82	549341	0
83	553706	0
84	561694	0
85	565555	0
86	570900	0
87	574826	0
88	576724	0
89	579740	0
90	581814	0
91	581883	0
92	584175	0
93	588162	0
94	587398	0
95	590802	0
96	589938	0
97	589831	0
98	591757	0
99	590099	0
100	589868	0
101	589723	0
102	589211	0
103	586277	0
104	585023	0
105	582868	0
106	581743	0
107	579151	0
108	576021	0
109	574230	0
110	571138	0
111	565167	0
112	562768	0
113	558295	0
114	554364	0
115	549656	0
116	546482	0
117	540850	0
118	532926	0
119	526587	0
120	519591	0
121	513725	0
122	507021	0
123	499913	0
124	491104	0
125	482639	0
126	475854	0
127	467967	0
128	460463	0
129	454209	0
130	444037	0
131	436828	0
132	426728	0
133	417754	0
134	412962	0
135	402953	0
136	394072	0
137	386060	0
138	378243	0
139	368281	0
140	363206	0
141	353762	0
142	345963	0
143	335884	0
144	327511	0
145	319373	0
146	309728	0
147	299999	0
148	290742	0
149	281417	0
150	273996	0
151	262867	0
152	253539	0
153	244716	0
154	233631	0
155	224144	0
156	214220	0
157	204236	0
158	195327	0
159	184848	0
160	176716	0
161	166337	0
162	156149	0
163	146295	0
164	138688	0
165	129063	0
166	121155	0
167	112032	0
168	104850	0
169	96428	0
170	89240	0
171	81481	0
172	74497	0
173	68758	0
174	62616	0
175	57217	0
176	51787	0
177	46840	0
178	42999	0
179	38010	0
180	34624	0
181	30927	0
182	27109	0
183	23985	0
184	20996	0
185	18320	0
186	15752	0
187	13578	0
188	11578	0
189	10140	0
190	8646	0
191	7534	0
192	6587	0
193	5778	0
194	5075	0
195	4222	0
196	3591	0
197	3126	0
198	2616	0
199	2401	0
200	2161	0
201	1934	0
202	1598	0
203	1376	0
204	1225	0
205	1053	0
206	1015	0
207	856	0
208	774	0
209	734	0
210	712	0
211	633	0
212	570	0
213	548	0
214	531	0
215	534	0
216	456	0
217	416	0
218	383	0
219	347	0
220	340	0
221	322	0
222	329	0
223	311	0
224	322	0
225	290	0
226	293	0
227	331	0
228	313	0
229	288	0
230	301	0
231	286	0
232	291	0
233	253	0
234	279	0
235	227	0
236	244	0
237	231	0
238	229	0
239	234	0
240	219	0
241	233	0
242	226	0
243	208	0
244	215	0
245	205	0
246	185	0
247	211	0
248	189	0
249	156	0
250	147	0
251	141	0
252	211	0
253	164	0
254	174	0
255	179	0
256	145	0
257	182	0
258	191	0
259	168	0
260	163	0
261	164	0
262	123	0
263	142	0
264	139	0
265	138	0
266	164	0
267	152	0
268	153	0
269	141	0
270	123	0
271	132	0
272	138	0
273	144	0
274	107	0
275	126	0
276	117	0
277	106	0
278	113	0
279	104	0
280	100	0
281	127	0
282	119	0
283	99	0
284	108	0
285	97	0
286	87	0
287	86	0
288	64	0
289	75	0
290	73	0
291	77	0
292	80	0
293	74	0
294	78	0
295	67	0
296	82	0
297	81	0
298	80	0
299	77	0
300	83	0
301	93	0
302	84	0
303	73	0
304	69	0
305	60	0
306	66	0
307	71	0
308	51	0
309	56	0
310	58	0
311	41	0
312	85	0
313	55	0
314	51	0
315	47	0
316	45	0
317	38	0
318	39	0
319	50	0
320	50	0
321	38	0
322	30	0
323	53	0
324	55	0
325	62	0
326	62	0
327	61	0
328	63	0
329	43	0
330	43	0
331	43	0
332	30	0
333	28	0
334	27	0
335	16	0
336	30	0
337	19	0
338	26	0
339	20	0
340	28	0
341	29	0
342	23	0
343	23	0
344	17	0
345	29	0
346	17	0
347	26	0
348	32	0
349	20	0
350	27	0
351	18	0
352	27	0
353	21	0
354	21	0
355	22	0
356	12	0
357	6	0
358	21	0
359	15	0
360	12	0
361	21	0
362	15	0
363	15	0
364	18	0
365	15	0
366	15	0
367	15	0
368	14	0
369	9	0
370	10	0
371	15	0
372	7	0
373	12	0
374	13	0
375	9	0
376	8	0
377	11	0
378	11	0
379	13	0
380	10	0
381	8	0
382	10	0
383	9	0
384	11	0
385	11	0
386	9	0
387	11	0
388	9	0
389	7	0
390	6	0
391	7	0
392	8	0
393	4	0
394	7	0
395	7	0
396	2	0
397	8	0
398	7	0
399	12	0
400	5	0
401	4	0
402	7	0
403	3	0
404	4	0
405	2	0
406	4	0
407	3	0
408	7	0
409	4	0
410	6	0
411	8	0
412	4	0
413	6	0
414	6	0
415	7	0
416	6	0
417	2	0
418	6	0
419	5	0
420	4	0
421	8	0
422	5	0
423	12	0
424	8	0
425	6	0
426	8	0
427	7	0
428	9	0
429	10	0
430	11	0
431	6	0
432	6	0
433	5	0
434	12	0
435	13	0
436	10	0
437	8	0
438	5	0
439	6	0
440	7	0
441	2	0
442	0	0
443	3	0
444	1	0
445	5	0
446	3	0
447	2	0
448	5	0
449	3	0
450	3	0
451	4	0
452	6	0
453	5	0
454	1	0
455	10	0
456	7	0
457	8	0
458	2	0
459	10	0
460	5	0
461	7	0
462	2	0
463	13	0
464	7	0
465	6	0
466	7	0
467	6	0
468	3	0
469	8	0
470	6	0
471	7	0
472	9	0
473	7	0
474	7	0
475	6	0
476	8	0
477	8	0
478	17	0
479	25	0
480	18	0
481	13	0
482	5	0
483	16	0
484	12	0
485	21	0
486	7	0
487	6	0
488	11	0
489	10	0
490	8	0
491	7	0
492	2	0
493	2	0
494	2	0
495	1	0
496	2	0
497	2	0
498	1	0
499	2	0
500	1	0
501	0	0
502	1	0
503	1	0
504	1	0
505	0	0
506	2	0
507	3	0
508	0	0
509	0	0
510	1	0
511	0	0
512	2	0
513	2	0
514	0	0
515	1	0
516	0	0
517	0	0
518	1	0
519	0	0
520	0	0
521	1	0
522	0	0
523	0	0
524	1	0
525	3	0
526	3	0
527	2	0
528	0	0
529	1	0
530	0	0
531	2	0
532	0	0
533	1	0
534	3	0
535	2	0
536	1	0
537	0	0
538	1	0
539	1	0
540	0	0
541	0	0
542	1	0
543	1	0
544	0	0
545	2	0
546	2	0
547	0	0
548	0	0
549	0	0
550	1	0
551	1	0
552	2	0
553	3	0
554	1	0
555	0	0
556	1	0
557	0	0
558	1	0
559	1	0
560	1	0
561	1	0
562	0	0
563	1	0
564	0	0
565	0	0
566	1	0
567	1	0
568	1	0
569	1	0
570	0	0
571	1	0
572	1	0
573	3	0
574	0	0
575	1	0
576	2	0
577	1	0
578	1	0
579	1	0
580	0	0
581	2	0
582	0	0
583	1	0
584	1	0
585	2	0
586	3	0
587	1	0
588	2	0
589	0	0
590	3	0
591	1	0
592	1	0
593	2	0
594	0	0
595	0	0
596	1	0
597	0	0
598	3	0
599	0	0
600	2	0
601	1	0
602	1	0
603	2	0
604	0	0
605	3	0
606	1	0
607	2	0
608	1	0
609	1	0
610	1	0
611	3	0
612	0	0
613	1	0
614	2	0
615	0	0
616	0	0
617	3	0
618	2	0
619	1	0
620	0	0
621	0	0
622	2	0
623	2	0
624	0	0
625	3	0
626	3	0
627	4	0
628	0	0
629	1	0
630	0	0
631	2	0
632	0	0
633	2	0
634	0	0
635	1	0
636	2	0
637	1	0
638	3	0
639	2	0
640	2	0
641	3	0
642	2	0
643	0	0
644	1	0
645	2	0
646	0	0
647	0	0
648	1	0
649	2	0
650	1	0
651	2	0
652	2	0
653	0	0
654	0	0
655	2	0
656	3	0
657	2	0
658	0	0
659	1	0
660	1	0
661	2	0
662	1	0
663	4	0
664	4	0
665	2	0
666	1	0
667	1	0
668	2	0
669	0	0
670	1	0
671	0	0
672	3	0
673	0	0
674	1	0
675	2	0
676	2	0
677	4	0
678	4	0
679	1	0
680	3	0
681	0	0
682	0	0
683	2	0
684	1	0
685	2	0
686	3	0
687	1	0
688	2	0
689	2	0
690	2	0
691	3	0
692	0	0
693	3	0
694	3	0
695	0	0
696	2	0
697	0	0
698	0	0
699	1	0
700	6	0
701	2	0
702	2	0
703	2	0
704	1	0
705	2	0
706	6	0
707	3	0
708	0	0
709	0	0
710	4	0
711	2	0
712	1	0
713	1	0
714	0	0
715	1	0
716	3	0
717	1	0
718	1	0
719	0	0
720	1	0
721	0	0
722	0	0
723	0	0
724	0	0
725	0	0
726	1	0
727	0	0
728	2	0
729	0	0
730	0	0
731	0	0
732	0	0
733	2	0
734	2	0
735	5	0
736	1	0
737	7	0
738	5	0
739	0	0
740	0	0
741	0	0
742	0	0
743	0	0
744	0	0
745	0	0
746	1	0
747	0	0
748	1	0
749	2	0
750	0	0
751	0	0
752	0	0
753	0	0
754	0	0
755	0	0
756	1	0
757	0	0
758	0	0
759	0	0
760	0	0
761	0	0
762	0	0
763	0	0
764	0	0
765	0	0
766	0	0
767	0	0
768	0	0
769	1	0
770	1	0
771	0	0
772	0	0
773	0	0
774	1	0
775	0	0
776	0	0
777	0	0
778	0	0
779	0	0
780	0	0
781	0	0
782	0	0
783	1	0
784	0	0
785	1	0
786	0	0
787	0	0
788	1	0
789	0	0
790	0	0
791	1	0
792	0	0
793	0	0
794	0	0
795	0	0
796	0	0
797	1	0
798	0	0
799	0	0
800	1	0
801	0	0
802	1	0
803	0	0
804	0	0
805	0	0
806	0	0
807	0	0
808	0	0
809	0	0
810	0	0
811	0	0
812	0	0
813	0	0
814	1	0
815	0	0
816	1	0
817	0	0
818	1	0
819	0	0
820	0	0
821	0	0
822	0	0
823	0	0
824	1	0
825	0	0
826	0	0
827	0	0
828	0	0
829	0	0
830	0	0
831	0	0
832	0	0
833	0	0
834	0	0
835	1	0
836	0	0
837	0	0
838	0	0
839	0	0
840	0	0
841	0	0
842	0	0
843	0	0
844	0	0
845	0	0
846	0	0
847	1	0
848	1	0
849	1	0
850	1	0
851	0	0
852	0	0
853	0	0
854	0	0
855	0	0
856	0	0
857	0	0
858	1	0
859	1	0
860	0	0
861	0	0
862	0	0
863	1	0
864	0	0
865	1	0
866	1	0
867	0	0
868	0	0
869	0	0
870	0	0
871	0	0
872	0	0
873	0	0
874	0	0
875	0	0
876	0	0
877	0	0
878	0	0
879	1	0
880	1	0
881	0	0
882	0	0
883	0	0
884	1	0
885	0	0
886	0	0
887	0	0
888	0	0
889	0	0
890	0	0
891	0	0
892	0	0
893	0	0
894	0	0
895	0	0
896	0	0
897	1	0
898	0	0
899	0	0
900	0	0
901	0	0
902	0	0
903	0	0
904	0	0
905	0	0
906	0	0
907	1	0
908	1	0
909	0	0
910	0	0
911	0	0
912	0	0
913	0	0
914	0	0
915	1	0
916	0	0
917	0	0
918	0	0
919	1	0
920	0	0
921	0	0
922	1	0
923	2	0
924	0	0
925	1	0
926	0	0
927	0	0
928	0	0
929	1	0
930	1	0
931	0	0
932	0	0
933	0	0
934	0	0
935	0	0
936	0	0
937	0	0
938	1	0
939	1	0
940	0	0
941	0	0
942	0	0
943	1	0
944	0	0
945	0	0
946	0	0
947	0	0
948	1	0
949	1	0
950	0	0
951	0	0
952	0	0
953	0	0
954	0	0
955	0	0
956	0	0
957	1	0
958	0	0
959	0	0
960	0	0
961	0	0
962	0	0
963	0	0
964	0	0
965	0	0
966	0	0
967	0	0
968	1	0
969	0	0
970	0	0
971	0	0
972	0	0
973	0	0
974	0	0
975	0	0
976	0	0
977	1	0
978	0	0
979	1	0
980	1	0
981	0	0
982	0	0
983	0	0
984	0	0
985	0	0
986	0	0
987	2	0
988	1	0
989	0	0
990	0	0
991	0	0
992	0	0
993	0	0
994	1	0
995	0	0
996	1	0
997	0	0
998	0	0
999	0	0
1000	0	0
1001	0	0
1002	0	0
1003	0	0
1004	0	0
1005	0	0
1006	1	0
1007	0	0
1008	1	0
1009	0	0
1010	0	0
1011	0	0
1012	0	0
1013	0	0
1014	0	0
1015	0	0
1016	0	0
1017	0	0
1018	0	0
1019	1	0
1020	1	0
1021	0	0
1022	0	0
1023	0	0
1024	0	0
1025	0	0
1026	0	0
1027	0	0
1028	0	0
1029	0	0
1030	0	0
1031	0	0
1032	0	0
1033	0	0
1034	0	0
1035	2	0
1036	0	0
1037	0	0
1038	0	0
1039	2	0
1040	0	0
1041	0	0
1042	0	0
1043	0	0
1044	1	0
1045	0	0
1046	0	0
1047	0	0
1048	1	0
1049	0	0
1050	1	0
1051	0	0
1052	0	0
1053	0	0
1054	1	0
1055	0	0
1056	0	0
1057	0	0
1058	0	0
1059	0	0
1060	0	0
1061	1	0
1062	0	0
1063	0	0
1064	1	0
1065	0	0
1066	0	0
1067	0	0
1068	1	0
1069	1	0
1070	0	0
1071	1	0
1072	0	0
1073	1	0
1074	0	0
1075	0	0
1076	0	0
1077	1	0
1078	0	0
1079	0	0
1080	0	0
1081	0	0
1082	1	0
1083	1	0
1084	0	0
1085	0	0
1086	0	0
1087	0	0
1088	0	0
1089	0	0
1090	0	0
1091	0	0
1092	1	0
1093	0	0
1094	0	0
1095	0	0
1096	0	0
1097	0	0
1098	0	0
1099	0	0
1100	1	0
1101	1	0
1102	0	0
1103	0	0
1104	0	0
1105	0	0
1106	0	0
1107	0	0
1108	2	0
1109	0	0
1110	1	0
1111	0	0
1112	0	0
1113	0	0
1114	0	0
1115	0	0
1116	0	0
1117	1	0
1118	0	0
1119	0	0
1120	0	0
1121	0	0
1122	0	0
1123	0	0
1124	0	0
1125	0	0
1126	1	0
1127	1	0
1128	0	0
1129	1	0
1130	1	0
1131	0	0
1132	0	0
1133	2	0
1134	0	0
1135	0	0
1136	0	0
1137	0	0
1138	0	0
1139	0	0
1140	0	0
1141	0	0
1142	1	0
1143	0	0
1144	0	0
1145	0	0
1146	0	0
1147	0	0
1148	0	0
1149	0	0
1150	0	0
1151	0	0
1152	0	0
1153	0	0
1154	0	0
1155	0	0
1156	0	0
1157	0	0
1158	0	0
1159	1	0
1160	0	0
1161	1	0
1162	0	0
1163	0	0
1164	2	0
1165	0	0
1166	0	0
1167	0	0
1168	0	0
1169	0	0
1170	0	0
1171	1	0
1172	0	0
1173	0	0
1174	1	0
1175	0	0
1176	0	0
1177	0	0
1178	0	0
1179	0	0
1180	0	0
1181	0	0
1182	1	0
1183	0	0
1184	0	0
1185	0	0
1186	0	0
1187	0	0
1188	0	0
1189	0	0
1190	0	0
1191	0	0
1192	0	0
1193	1	0
1194	0	0
1195	0	0
1196	0	0
1197	0	0
1198	1	0
1199	0	0
1200	0	0
1201	0	0
1202	0	0
1203	0	0
1204	0	0
1205	0	0
1206	0	0
1207	0	0
1208	0	0
1209	0	0
1210	0	0
1211	0	0
1212	0	0
1213	1	0
1214	0	0
1215	0	0
1216	0	0
1217	0	0
1218	1	0
1219	2	0
1220	1	0
1221	0	0
1222	0	0
1223	1	0
1224	0	0
1225	0	0
1226	1	0
1227	1	0
1228	0	0
1229	0	0
1230	0	0
1231	0	0
1232	0	0
1233	0	0
1234	0	0
1235	0	0
1236	0	0
1237	0	0
1238	0	0
1239	0	0
1240	0	0
1241	1	0
1242	0	0
1243	0	0
1244	0	0
1245	0	0
1246	1	0
1247	0	0
1248	0	0
1249	1	0
1250	0	0
1251	1	0
1252	1	0
1253	0	0
1254	1	0
1255	0	0
1256	1	0
1257	0	0
1258	1	0
1259	1	0
1260	0	0
1261	0	0
1262	0	0
1263	0	0
1264	0	0
1265	0	0
1266	0	0
1267	0	0
1268	1	0
1269	1	0
1270	0	0
1271	0	0
1272	0	0
1273	0	0
1274	0	0
1275	0	0
1276	1	0
1277	1	0
1278	0	0
1279	0	0
1280	0	0
1281	0	0
1282	1	0
1283	0	0
1284	1	0
1285	0	0
1286	0	0
1287	0	0
1288	0	0
1289	3	0
1290	0	0
1291	1	0
1292	1	0
1293	0	0
1294	2	0
1295	1	0
1296	0	0
1297	0	0
1298	1	0
1299	0	0
1300	0	0
1301	0	0
1302	0	0
1303	0	0
1304	0	0
1305	0	0
1306	0	0
1307	0	0
1308	0	0
1309	0	0
1310	0	0
1311	0	0
1312	1	0
1313	1	0
1314	1	0
1315	0	0
1316	2	0
1317	1	0
1318	0	0
1319	0	0
1320	1	0
1321	0	0
1322	0	0
1323	0	0
1324	1	0
1325	1	0
1326	0	0
1327	0	0
1328	0	0
1329	0	0
1330	0	0
1331	0	0
1332	0	0
1333	1	0
1334	0	0
1335	0	0
1336	0	0
1337	2	0
1338	1	0
1339	1	0
1340	0	0
1341	0	0
1342	0	0
1343	0	0
1344	0	0
1345	1	0
1346	1	0
1347	0	0
1348	0	0
1349	0	0
1350	0	0
1351	0	0
1352	0	0
1353	0	0
1354	0	0
1355	0	0
1356	0	0
1357	1	0
1358	0	0
1359	0	0
1360	0	0
1361	0	0
1362	0	0
1363	0	0
1364	0	0
1365	0	0
1366	0	0
1367	0	0
1368	0	0
1369	0	0
1370	0	0
1371	0	0
1372	3	0
1373	0	0
1374	1	0
1375	0	0
1376	0	0
1377	0	0
1378	0	0
1379	0	0
1380	0	0
1381	0	0
1382	0	0
1383	0	0
1384	0	0
1385	0	0
1386	0	0
1387	0	0
1388	0	0
1389	0	0
1390	0	0
1391	0	0
1392	0	0
1393	0	0
1394	0	0
1395	0	0
1396	0	0
1397	0	0
1398	0	0
1399	0	0
1400	0	0
1401	0	0
1402	0	0
1403	0	0
1404	0	0
1405	0	0
1406	0	0
1407	0	0
1408	1	0
1409	1	0
1410	0	0
1411	1	0
1412	0	0
1413	0	0
1414	0	0
1415	1	0
1416	0	0
1417	0	0
1418	0	0
1419	0	0
1420	0	0
1421	0	0
1422	0	0
1423	0	0
1424	0	0
1425	0	0
1426	0	0
1427	0	0
1428	0	0
1429	0	0
1430	0	0
1431	0	0
1432	1	0
1433	1	0
1434	1	0
1435	1	0
1436	1	0
1437	0	0
1438	0	0
1439	0	0
1440	0	0
1441	1	0
1442	0	0
1443	0	0
1444	0	0
1445	0	0
1446	1	0
1447	0	0
1448	0	0
1449	0	0
1450	0	0
1451	0	0
1452	0	0
1453	0	0
1454	0	0
1455	1	0
1456	0	0
1457	0	0
1458	0	0
1459	2	0
1460	0	0
1461	0	0
1462	0	0
1463	0	0
1464	0	0
1465	0	0
1466	1	0
1467	0	0
1468	0	0
1469	0	0
1470	0	0
1471	0	0
1472	1	0
1473	0	0
1474	0	0
1475	2	0
1476	0	0
1477	0	0
1478	0	0
1479	0	0
1480	0	0
1481	1	0
1482	0	0
1483	0	0
1484	0	0
1485	0	0
1486	0	0
1487	0	0
1488	0	0
1489	0	0
1490	1	0
1491	1	0
1492	0	0
1493	0	0
1494	0	0
1495	0	0
1496	0	0
1497	0	0
1498	0	0
1499	2	0
1500	0	0
1501	0	0
1502	0	0
1503	0	0
1504	0	0
1505	1	0
1506	0	0
1507	0	0
1508	0	0
1509	0	0
1510	1	0
1511	0	0
1512	0	0
1513	0	0
1514	1	0
1515	0	0
1516	1	0
1517	1	0
1518	0	0
1519	3	0
1520	0	0
1521	1	0
1522	1	0
1523	1	0
1524	2	0
1525	0	0
1526	0	0
1527	1	0
1528	0	0
1529	2	0
1530	1	0
1531	0	0
1532	1	0
1533	2	0
1534	1	0
1535	0	0
1536	0	0
1537	0	0
1538	0	0
1539	1	0
1540	0	0
1541	1	0
1542	0	0
1543	0	0
1544	0	0
1545	0	0
1546	1	0
1547	1	0
1548	0	0
1549	1	0
1550	2	0
1551	0	0
1552	0	0
1553	1	0
1554	0	0
1555	1	0
1556	0	0
1557	0	0
1558	0	0
1559	0	0
1560	1	0
1561	0	0
1562	1	0
1563	0	0
1564	1	0
1565	0	0
1566	1	0
1567	1	0
1568	0	0
1569	0	0
1570	0	0
1571	1	0
1572	0	0
1573	0	0
1574	1	0
1575	1	0
1576	0	0
1577	1	0
1578	1	0
1579	0	0
1580	2	0
1581	0	0
1582	0	0
1583	0	0
1584	2	0
1585	2	0
1586	0	0
1587	2	0
1588	2	0
1589	0	0
1590	1	0
1591	0	0
1592	1	0
1593	1	0
1594	1	0
1595	0	0
1596	1	0
1597	1	0
1598	0	0
1599	2	0
1600	2	0
1601	0	0
1602	0	0
1603	0	0
1604	0	0
1605	0	0
1606	0	0
1607	0	0
1608	1	0
1609	0	0
1610	0	0
1611	0	0
1612	0	0
1613	0	0
1614	0	0
1615	0	0
1616	1	0
1617	0	0
1618	0	0
1619	0	0
1620	0	0
1621	0	0
1622	0	0
1623	0	0
1624	1	0
1625	0	0
1626	1	0
1627	2	0
1628	1	0
1629	1	0
1630	0	0
1631	2	0
1632	0	0
1633	0	0
1634	1	0
1635	0	0
1636	0	0
1637	0	0
1638	0	0
1639	0	0
1640	2	0
1641	1	0
1642	1	0
1643	2	0
1644	0	0
1645	1	0
1646	0	0
1647	1	0
1648	2	0
1649	3	0
1650	2	0
1651	0	0
1652	1	0
1653	2	0
1654	1	0
1655	1	0
1656	1	0
1657	0	0
1658	0	0
1659	3	0
1660	0	0
1661	0	0
1662	0	0
1663	0	0
1664	1	0

