## htsjdk.samtools.metrics.StringHeader
# CollectHsMetrics --BAIT_INTERVALS /lustre1/user/bjx131_pkuhpc/wes_run_full_20260920/qc/targets.interval_list --TARGET_INTERVALS /lustre1/user/bjx131_pkuhpc/wes_run_full_20260920/qc/targets.interval_list --INPUT /lustre1/user/bjx131_pkuhpc/wes_run_full_20260920/1_alignment/OC/OC_sorted.markdup.BQSR.bam --OUTPUT /lustre1/user/bjx131_pkuhpc/wes_run_full_20260920/qc/full_OC.hs_metrics.txt --REFERENCE_SEQUENCE /lustre1/share/references/hg38.fa --METRIC_ACCUMULATION_LEVEL ALL_READS --NEAR_DISTANCE 250 --MINIMUM_MAPPING_QUALITY 20 --MINIMUM_BASE_QUALITY 20 --CLIP_OVERLAPPING_READS true --INCLUDE_INDELS false --COVERAGE_CAP 200 --SAMPLE_SIZE 10000 --ALLELE_FRACTION 0.001 --ALLELE_FRACTION 0.005 --ALLELE_FRACTION 0.01 --ALLELE_FRACTION 0.02 --ALLELE_FRACTION 0.05 --ALLELE_FRACTION 0.1 --ALLELE_FRACTION 0.2 --ALLELE_FRACTION 0.3 --ALLELE_FRACTION 0.5 --VERBOSITY INFO --QUIET false --VALIDATION_STRINGENCY STRICT --COMPRESSION_LEVEL 2 --MAX_RECORDS_IN_RAM 500000 --CREATE_INDEX false --CREATE_MD5_FILE false --help false --version false --showHidden false --USE_JDK_DEFLATER false --USE_JDK_INFLATER false
## htsjdk.samtools.metrics.StringHeader
# Started on: Mon Sep 21 08:43:15 CST 2026

## METRICS CLASS	picard.analysis.directed.HsMetrics
BAIT_SET	BAIT_TERRITORY	BAIT_DESIGN_EFFICIENCY	ON_BAIT_BASES	NEAR_BAIT_BASES	OFF_BAIT_BASES	PCT_SELECTED_BASES	PCT_OFF_BAIT	ON_BAIT_VS_SELECTED	MEAN_BAIT_COVERAGE	PCT_USABLE_BASES_ON_BAIT	PCT_USABLE_BASES_ON_TARGET	FOLD_ENRICHMENT	HS_LIBRARY_SIZE	HS_PENALTY_10X	HS_PENALTY_20X	HS_PENALTY_30X	HS_PENALTY_40X	HS_PENALTY_50X	HS_PENALTY_100X	TARGET_TERRITORY	GENOME_SIZE	TOTAL_READS	PF_READS	PF_BASES	PF_UNIQUE_READS	PF_UQ_READS_ALIGNED	PF_BASES_ALIGNED	PF_UQ_BASES_ALIGNED	ON_TARGET_BASES	PCT_PF_READS	PCT_PF_UQ_READS	PCT_PF_UQ_READS_ALIGNED	MEAN_TARGET_COVERAGE	MEDIAN_TARGET_COVERAGE	MAX_TARGET_COVERAGE	MIN_TARGET_COVERAGE	ZERO_CVG_TARGETS_PCT	PCT_EXC_DUPE	PCT_EXC_ADAPTER	PCT_EXC_MAPQ	PCT_EXC_BASEQ	PCT_EXC_OVERLAP	PCT_EXC_OFF_TARGET	FOLD_80_BASE_PENALTY	PCT_TARGET_BASES_1X	PCT_TARGET_BASES_2X	PCT_TARGET_BASES_10X	PCT_TARGET_BASES_20X	PCT_TARGET_BASES_30X	PCT_TARGET_BASES_40X	PCT_TARGET_BASES_50X	PCT_TARGET_BASES_100X	PCT_TARGET_BASES_250X	PCT_TARGET_BASES_500X	PCT_TARGET_BASES_1000X	PCT_TARGET_BASES_2500X	PCT_TARGET_BASES_5000X	PCT_TARGET_BASES_10000X	PCT_TARGET_BASES_25000X	PCT_TARGET_BASES_50000X	PCT_TARGET_BASES_100000X	AT_DROPOUT	GC_DROPOUT	HET_SNP_SENSITIVITY	HET_SNP_Q	SAMPLE	LIBRARY	READ_GROUP
targets	60507855	1	5844467460	1823525903	1923481935	0.799459	0.200541	0.76219	96.590227	0.584856	0.330512	33.224445	212885661	4.540633	4.632732	4.732506	4.839956	4.947405	5.6228	60507855	3299210039	72941400	72941400	9993002874	67773858	67771451	9591475298	8892247926	3302807757	1	0.929155	0.999964	54.584777	57	723	0	0.084115	0.072901	0	0.096554	0.007168	0.255455	0.223595	1.654084	0.911081	0.90827	0.895518	0.873834	0.829189	0.741739	0.614021	0.03703	0.00001	0.000002	0	0	0	0	0	0	0	5.131899	0.444719	0.906292	10			

## HISTOGRAM	java.lang.Integer
coverage_or_base_quality	high_quality_coverage_count	unfiltered_baseq_count
0	5380313	0
1	170077	0
2	116654	0
3	102496	0
4	92002	0
5	91824	0
6	89444	0
7	90646	0
8	92842	210524
9	95659	1044852
10	102177	2300272
11	105073	3521679
12	112607	3882943
13	117283	4036904
14	121158	3140850
15	129912	3104032
16	139775	1889471
17	150500	2280908
18	160869	4579219
19	172742	8913976
20	186652	12398879
21	201449	11455281
22	216888	8729989
23	235208	4514714
24	254394	6821333
25	273371	15568213
26	294634	27190233
27	321536	25719506
28	344881	23017746
29	372333	8095303
30	399093	4043976
31	427395	23840630
32	456329	99765139
33	484592	274559928
34	515188	502292338
35	544914	669019067
36	573136	643081449
37	603275	510709375
38	632348	280894702
39	655134	120941089
40	679580	28723900
41	704390	1424967
42	727337	0
43	750100	0
44	768740	0
45	789654	0
46	804174	0
47	820362	0
48	836725	0
49	846915	0
50	859597	0
51	870545	0
52	879990	0
53	892945	0
54	901189	0
55	910672	0
56	919561	0
57	928605	0
58	937714	0
59	940221	0
60	942314	0
61	943711	0
62	948673	0
63	950565	0
64	950825	0
65	949675	0
66	945331	0
67	939571	0
68	933823	0
69	923036	0
70	911919	0
71	892751	0
72	878191	0
73	858634	0
74	841472	0
75	817778	0
76	792658	0
77	763678	0
78	740141	0
79	711275	0
80	683027	0
81	652439	0
82	621147	0
83	591494	0
84	562299	0
85	532526	0
86	501179	0
87	471030	0
88	439670	0
89	410669	0
90	383045	0
91	355467	0
92	330774	0
93	304757	0
94	281374	0
95	260789	0
96	240744	0
97	221951	0
98	203279	0
99	187779	0
100	171967	0
101	158615	0
102	145038	0
103	134166	0
104	124512	0
105	115238	0
106	106041	0
107	98652	0
108	90841	0
109	84562	0
110	78053	0
111	72643	0
112	67265	0
113	61917	0
114	57467	0
115	53740	0
116	49365	0
117	45917	0
118	42721	0
119	39938	0
120	37105	0
121	34715	0
122	31975	0
123	29778	0
124	27795	0
125	25312	0
126	23235	0
127	21431	0
128	19690	0
129	17987	0
130	16457	0
131	14803	0
132	13552	0
133	12411	0
134	11396	0
135	9971	0
136	9134	0
137	8333	0
138	7581	0
139	6853	0
140	6333	0
141	5793	0
142	5400	0
143	4660	0
144	4177	0
145	3667	0
146	3165	0
147	2909	0
148	2504	0
149	2231	0
150	1897	0
151	1694	0
152	1478	0
153	1290	0
154	1148	0
155	1089	0
156	1001	0
157	846	0
158	838	0
159	760	0
160	662	0
161	572	0
162	578	0
163	540	0
164	482	0
165	445	0
166	375	0
167	326	0
168	288	0
169	253	0
170	224	0
171	218	0
172	186	0
173	184	0
174	176	0
175	146	0
176	158	0
177	143	0
178	134	0
179	119	0
180	122	0
181	137	0
182	116	0
183	127	0
184	133	0
185	110	0
186	118	0
187	85	0
188	85	0
189	72	0
190	75	0
191	67	0
192	54	0
193	49	0
194	43	0
195	52	0
196	46	0
197	55	0
198	58	0
199	40	0
200	43	0
201	35	0
202	35	0
203	27	0
204	33	0
205	42	0
206	38	0
207	40	0
208	36	0
209	31	0
210	42	0
211	37	0
212	40	0
213	50	0
214	50	0
215	42	0
216	46	0
217	35	0
218	37	0
219	23	0
220	34	0
221	21	0
222	21	0
223	13	0
224	11	0
225	12	0
226	8	0
227	6	0
228	8	0
229	8	0
230	6	0
231	9	0
232	7	0
233	9	0
234	9	0
235	5	0
236	11	0
237	14	0
238	8	0
239	11	0
240	18	0
241	16	0
242	6	0
243	5	0
244	6	0
245	5	0
246	6	0
247	11	0
248	10	0
249	7	0
250	4	0
251	2	0
252	4	0
253	6	0
254	5	0
255	3	0
256	0	0
257	1	0
258	4	0
259	0	0
260	1	0
261	4	0
262	3	0
263	4	0
264	3	0
265	1	0
266	1	0
267	2	0
268	5	0
269	1	0
270	3	0
271	0	0
272	3	0
273	2	0
274	1	0
275	0	0
276	3	0
277	3	0
278	1	0
279	0	0
280	3	0
281	0	0
282	1	0
283	1	0
284	3	0
285	2	0
286	1	0
287	4	0
288	3	0
289	2	0
290	6	0
291	1	0
292	3	0
293	2	0
294	2	0
295	1	0
296	0	0
297	0	0
298	3	0
299	2	0
300	2	0
301	0	0
302	4	0
303	0	0
304	0	0
305	6	0
306	3	0
307	3	0
308	0	0
309	2	0
310	1	0
311	2	0
312	1	0
313	2	0
314	1	0
315	7	0
316	1	0
317	0	0
318	1	0
319	3	0
320	4	0
321	1	0
322	1	0
323	2	0
324	2	0
325	2	0
326	4	0
327	0	0
328	0	0
329	1	0
330	0	0
331	0	0
332	4	0
333	4	0
334	2	0
335	2	0
336	3	0
337	2	0
338	0	0
339	2	0
340	1	0
341	3	0
342	2	0
343	3	0
344	3	0
345	2	0
346	1	0
347	1	0
348	0	0
349	2	0
350	1	0
351	0	0
352	3	0
353	2	0
354	1	0
355	0	0
356	1	0
357	1	0
358	2	0
359	1	0
360	0	0
361	0	0
362	2	0
363	1	0
364	5	0
365	0	0
366	2	0
367	2	0
368	5	0
369	2	0
370	3	0
371	0	0
372	0	0
373	3	0
374	5	0
375	4	0
376	1	0
377	4	0
378	2	0
379	1	0
380	0	0
381	2	0
382	1	0
383	0	0
384	2	0
385	4	0
386	2	0
387	1	0
388	2	0
389	2	0
390	1	0
391	0	0
392	0	0
393	2	0
394	2	0
395	3	0
396	3	0
397	3	0
398	0	0
399	2	0
400	1	0
401	2	0
402	1	0
403	4	0
404	3	0
405	5	0
406	5	0
407	9	0
408	3	0
409	0	0
410	0	0
411	0	0
412	3	0
413	1	0
414	0	0
415	1	0
416	0	0
417	2	0
418	1	0
419	3	0
420	3	0
421	0	0
422	2	0
423	1	0
424	1	0
425	1	0
426	3	0
427	0	0
428	1	0
429	1	0
430	3	0
431	0	0
432	0	0
433	0	0
434	2	0
435	0	0
436	0	0
437	2	0
438	0	0
439	0	0
440	0	0
441	0	0
442	2	0
443	2	0
444	0	0
445	1	0
446	3	0
447	4	0
448	5	0
449	1	0
450	3	0
451	4	0
452	1	0
453	0	0
454	0	0
455	2	0
456	2	0
457	2	0
458	0	0
459	2	0
460	0	0
461	1	0
462	2	0
463	2	0
464	1	0
465	2	0
466	1	0
467	1	0
468	2	0
469	0	0
470	0	0
471	2	0
472	3	0
473	2	0
474	3	0
475	2	0
476	3	0
477	0	0
478	0	0
479	1	0
480	4	0
481	3	0
482	1	0
483	0	0
484	2	0
485	2	0
486	1	0
487	1	0
488	2	0
489	1	0
490	1	0
491	2	0
492	3	0
493	0	0
494	1	0
495	2	0
496	2	0
497	0	0
498	0	0
499	1	0
500	0	0
501	2	0
502	0	0
503	1	0
504	0	0
505	0	0
506	0	0
507	0	0
508	0	0
509	1	0
510	0	0
511	1	0
512	0	0
513	1	0
514	0	0
515	1	0
516	1	0
517	2	0
518	1	0
519	2	0
520	0	0
521	0	0
522	1	0
523	0	0
524	0	0
525	0	0
526	1	0
527	0	0
528	0	0
529	0	0
530	1	0
531	1	0
532	0	0
533	0	0
534	0	0
535	0	0
536	0	0
537	0	0
538	0	0
539	0	0
540	0	0
541	1	0
542	0	0
543	1	0
544	0	0
545	0	0
546	0	0
547	1	0
548	0	0
549	0	0
550	0	0
551	0	0
552	0	0
553	0	0
554	2	0
555	1	0
556	0	0
557	0	0
558	0	0
559	0	0
560	0	0
561	0	0
562	1	0
563	0	0
564	0	0
565	0	0
566	0	0
567	1	0
568	0	0
569	1	0
570	1	0
571	0	0
572	1	0
573	1	0
574	0	0
575	0	0
576	0	0
577	0	0
578	0	0
579	0	0
580	2	0
581	0	0
582	0	0
583	1	0
584	0	0
585	0	0
586	0	0
587	0	0
588	2	0
589	0	0
590	1	0
591	0	0
592	1	0
593	0	0
594	0	0
595	0	0
596	0	0
597	0	0
598	0	0
599	0	0
600	0	0
601	2	0
602	1	0
603	0	0
604	0	0
605	1	0
606	0	0
607	0	0
608	0	0
609	1	0
610	0	0
611	0	0
612	0	0
613	0	0
614	0	0
615	2	0
616	1	0
617	2	0
618	0	0
619	0	0
620	0	0
621	0	0
622	2	0
623	1	0
624	2	0
625	0	0
626	2	0
627	2	0
628	2	0
629	1	0
630	0	0
631	2	0
632	2	0
633	2	0
634	0	0
635	1	0
636	0	0
637	0	0
638	2	0
639	1	0
640	1	0
641	0	0
642	1	0
643	0	0
644	1	0
645	1	0
646	1	0
647	0	0
648	3	0
649	1	0
650	0	0
651	3	0
652	1	0
653	2	0
654	2	0
655	0	0
656	0	0
657	2	0
658	1	0
659	1	0
660	3	0
661	0	0
662	0	0
663	1	0
664	2	0
665	1	0
666	1	0
667	0	0
668	0	0
669	2	0
670	0	0
671	0	0
672	0	0
673	1	0
674	1	0
675	0	0
676	1	0
677	0	0
678	0	0
679	1	0
680	0	0
681	4	0
682	1	0
683	1	0
684	0	0
685	1	0
686	0	0
687	1	0
688	1	0
689	2	0
690	0	0
691	1	0
692	2	0
693	2	0
694	1	0
695	1	0
696	0	0
697	1	0
698	2	0
699	0	0
700	1	0
701	0	0
702	0	0
703	1	0
704	0	0
705	0	0
706	3	0
707	0	0
708	0	0
709	0	0
710	2	0
711	1	0
712	1	0
713	1	0
714	2	0
715	1	0
716	0	0
717	2	0
718	1	0
719	2	0
720	0	0
721	1	0
722	0	0
723	1	0

