Sample	0	1	2	3	4	5	6	7	8	9	10	11	12	13	14	15	16	17	18	19	20	21	22	23	24	25	26	27	28	29	30	31	32	33	34	35	36	37	38	39	40	41	42	43	44	45	46	47	48	49	50	51	52	53	54	55	56	57	58	59	60	61	62	63	64	65	66	67	68	69	70	71	72	73	74	75	76	77	78	79	80	81	82	83	84	85	86	87	88	89	90	91	92	93	94	95	96	97	98	99	100
HBR_Rep1_ERCC-Mix2_Build37-ErccTranscripts-chr22.read1	(0.0, 0.0)	(1.0, 0.0)	(2.0, 0.0)	(3.0, 0.0)	(4.0, 0.0)	(5.0, 0.0)	(6.0, 0.0)	(7.0, 0.0)	(8.0, 0.0)	(9.0, 0.0)	(10.0, 0.0)	(11.0, 0.0)	(12.0, 0.0)	(13.0, 0.0)	(14.0, 0.005)	(15.0, 0.005)	(16.0, 0.0)	(17.0, 0.0)	(18.0, 0.0)	(19.0, 0.0)	(20.0, 0.0)	(21.0, 0.03)	(22.0, 0.034999999999999996)	(23.0, 0.01)	(24.0, 0.025)	(25.0, 0.025)	(26.0, 0.04)	(27.0, 0.1)	(28.0, 0.12)	(29.0, 0.28500000000000003)	(30.0, 0.49)	(31.0, 0.6799999999999999)	(32.0, 0.75)	(33.0, 0.8)	(34.0, 1.045)	(35.0, 1.3299999999999998)	(36.0, 1.8350000000000002)	(37.0, 2.4)	(38.0, 2.93)	(39.0, 2.6950000000000003)	(40.0, 2.04)	(41.0, 1.9349999999999998)	(42.0, 1.875)	(43.0, 1.865)	(44.0, 2.3449999999999998)	(45.0, 2.86)	(46.0, 3.05)	(47.0, 3.25)	(48.0, 3.51)	(49.0, 3.66)	(50.0, 3.6350000000000002)	(51.0, 3.9350000000000005)	(52.0, 4.99)	(53.0, 5.2749999999999995)	(54.0, 4.765)	(55.0, 4.475)	(56.0, 3.655)	(57.0, 3.2099999999999995)	(58.0, 3.1850000000000005)	(59.0, 2.945)	(60.0, 2.665)	(61.0, 2.2950000000000004)	(62.0, 2.095)	(63.0, 2.0650000000000004)	(64.0, 1.79)	(65.0, 1.4500000000000002)	(66.0, 1.165)	(67.0, 0.9299999999999999)	(68.0, 0.8099999999999999)	(69.0, 0.645)	(70.0, 0.555)	(71.0, 0.455)	(72.0, 0.305)	(73.0, 0.2)	(74.0, 0.18)	(75.0, 0.12)	(76.0, 0.065)	(77.0, 0.06)	(78.0, 0.04)	(79.0, 0.005)	(80.0, 0.005)	(81.0, 0.005)	(82.0, 0.0)	(83.0, 0.0)	(84.0, 0.0)	(85.0, 0.0)	(86.0, 0.0)	(87.0, 0.0)	(88.0, 0.0)	(89.0, 0.0)	(90.0, 0.0)	(91.0, 0.0)	(92.0, 0.0)	(93.0, 0.0)	(94.0, 0.0)	(95.0, 0.0)	(96.0, 0.0)	(97.0, 0.0)	(98.0, 0.0)	(99.0, 0.0)	(100.0, 0.0)
HBR_Rep1_ERCC-Mix2_Build37-ErccTranscripts-chr22.read2	(0.0, 0.0)	(1.0, 0.0)	(2.0, 0.0)	(3.0, 0.0)	(4.0, 0.0)	(5.0, 0.0)	(6.0, 0.0)	(7.0, 0.0)	(8.0, 0.0)	(9.0, 0.0)	(10.0, 0.0)	(11.0, 0.0)	(12.0, 0.0)	(13.0, 0.0)	(14.0, 0.0)	(15.0, 0.005)	(16.0, 0.005)	(17.0, 0.005)	(18.0, 0.01)	(19.0, 0.005)	(20.0, 0.0)	(21.0, 0.01)	(22.0, 0.02)	(23.0, 0.015)	(24.0, 0.015)	(25.0, 0.015)	(26.0, 0.08)	(27.0, 0.12)	(28.0, 0.13999999999999999)	(29.0, 0.19)	(30.0, 0.325)	(31.0, 0.8099999999999999)	(32.0, 1.085)	(33.0, 0.9400000000000001)	(34.0, 1.085)	(35.0, 1.47)	(36.0, 1.755)	(37.0, 1.925)	(38.0, 2.3)	(39.0, 2.36)	(40.0, 2.465)	(41.0, 2.29)	(42.0, 1.7500000000000002)	(43.0, 1.8499999999999999)	(44.0, 2.2800000000000002)	(45.0, 2.565)	(46.0, 2.76)	(47.0, 3.4099999999999997)	(48.0, 3.6700000000000004)	(49.0, 3.5549999999999997)	(50.0, 3.63)	(51.0, 3.7150000000000003)	(52.0, 3.9800000000000004)	(53.0, 4.5)	(54.0, 4.695)	(55.0, 4.25)	(56.0, 3.94)	(57.0, 3.755)	(58.0, 3.805)	(59.0, 3.505)	(60.0, 2.815)	(61.0, 2.335)	(62.0, 2.095)	(63.0, 2.315)	(64.0, 2.015)	(65.0, 1.43)	(66.0, 1.095)	(67.0, 0.91)	(68.0, 0.7849999999999999)	(69.0, 0.635)	(70.0, 0.5349999999999999)	(71.0, 0.47000000000000003)	(72.0, 0.475)	(73.0, 0.35500000000000004)	(74.0, 0.2)	(75.0, 0.16999999999999998)	(76.0, 0.095)	(77.0, 0.03)	(78.0, 0.06)	(79.0, 0.06999999999999999)	(80.0, 0.025)	(81.0, 0.01)	(82.0, 0.01)	(83.0, 0.005)	(84.0, 0.0)	(85.0, 0.0)	(86.0, 0.0)	(87.0, 0.0)	(88.0, 0.0)	(89.0, 0.0)	(90.0, 0.0)	(91.0, 0.0)	(92.0, 0.0)	(93.0, 0.0)	(94.0, 0.0)	(95.0, 0.0)	(96.0, 0.0)	(97.0, 0.0)	(98.0, 0.0)	(99.0, 0.0)	(100.0, 0.0)
HBR_Rep2_ERCC-Mix2_Build37-ErccTranscripts-chr22.read1	(0.0, 0.0)	(1.0, 0.0)	(2.0, 0.0)	(3.0, 0.0)	(4.0, 0.0)	(5.0, 0.0)	(6.0, 0.0)	(7.0, 0.0)	(8.0, 0.0)	(9.0, 0.0)	(10.0, 0.0)	(11.0, 0.0)	(12.0, 0.0)	(13.0, 0.0)	(14.0, 0.0)	(15.0, 0.01)	(16.0, 0.01)	(17.0, 0.0)	(18.0, 0.0)	(19.0, 0.0)	(20.0, 0.005)	(21.0, 0.01)	(22.0, 0.015)	(23.0, 0.034999999999999996)	(24.0, 0.034999999999999996)	(25.0, 0.05)	(26.0, 0.055)	(27.0, 0.065)	(28.0, 0.13999999999999999)	(29.0, 0.31)	(30.0, 0.49500000000000005)	(31.0, 0.66)	(32.0, 0.8)	(33.0, 0.91)	(34.0, 1.115)	(35.0, 1.345)	(36.0, 1.7399999999999998)	(37.0, 2.235)	(38.0, 2.555)	(39.0, 2.415)	(40.0, 1.955)	(41.0, 1.9)	(42.0, 1.965)	(43.0, 2.19)	(44.0, 2.6149999999999998)	(45.0, 2.585)	(46.0, 2.6950000000000003)	(47.0, 3.3099999999999996)	(48.0, 3.8449999999999998)	(49.0, 3.85)	(50.0, 3.6249999999999996)	(51.0, 3.8150000000000004)	(52.0, 4.625)	(53.0, 5.125)	(54.0, 4.665)	(55.0, 4.2700000000000005)	(56.0, 3.95)	(57.0, 3.6249999999999996)	(58.0, 3.3300000000000005)	(59.0, 2.94)	(60.0, 2.53)	(61.0, 2.16)	(62.0, 2.185)	(63.0, 2.21)	(64.0, 1.8399999999999999)	(65.0, 1.365)	(66.0, 1.225)	(67.0, 1.0699999999999998)	(68.0, 0.89)	(69.0, 0.7000000000000001)	(70.0, 0.48)	(71.0, 0.415)	(72.0, 0.315)	(73.0, 0.215)	(74.0, 0.145)	(75.0, 0.105)	(76.0, 0.09)	(77.0, 0.05)	(78.0, 0.034999999999999996)	(79.0, 0.034999999999999996)	(80.0, 0.015)	(81.0, 0.005)	(82.0, 0.01)	(83.0, 0.015)	(84.0, 0.005)	(85.0, 0.0)	(86.0, 0.0)	(87.0, 0.0)	(88.0, 0.0)	(89.0, 0.0)	(90.0, 0.0)	(91.0, 0.0)	(92.0, 0.0)	(93.0, 0.0)	(94.0, 0.0)	(95.0, 0.0)	(96.0, 0.0)	(97.0, 0.0)	(98.0, 0.0)	(99.0, 0.0)	(100.0, 0.0)
HBR_Rep2_ERCC-Mix2_Build37-ErccTranscripts-chr22.read2	(0.0, 0.0)	(1.0, 0.0)	(2.0, 0.0)	(3.0, 0.0)	(4.0, 0.0)	(5.0, 0.0)	(6.0, 0.0)	(7.0, 0.0)	(8.0, 0.0)	(9.0, 0.0)	(10.0, 0.0)	(11.0, 0.0)	(12.0, 0.0)	(13.0, 0.0)	(14.0, 0.005)	(15.0, 0.01)	(16.0, 0.005)	(17.0, 0.0)	(18.0, 0.01)	(19.0, 0.015)	(20.0, 0.005)	(21.0, 0.0)	(22.0, 0.015)	(23.0, 0.025)	(24.0, 0.03)	(25.0, 0.034999999999999996)	(26.0, 0.06)	(27.0, 0.075)	(28.0, 0.08499999999999999)	(29.0, 0.16999999999999998)	(30.0, 0.295)	(31.0, 0.555)	(32.0, 0.795)	(33.0, 0.885)	(34.0, 1.205)	(35.0, 1.455)	(36.0, 1.6150000000000002)	(37.0, 1.8399999999999999)	(38.0, 2.265)	(39.0, 2.395)	(40.0, 2.4299999999999997)	(41.0, 2.25)	(42.0, 1.79)	(43.0, 1.8499999999999999)	(44.0, 2.34)	(45.0, 2.7199999999999998)	(46.0, 2.81)	(47.0, 3.195)	(48.0, 3.405)	(49.0, 3.5000000000000004)	(50.0, 3.6900000000000004)	(51.0, 3.9050000000000002)	(52.0, 4.465)	(53.0, 4.825)	(54.0, 4.9799999999999995)	(55.0, 4.51)	(56.0, 3.95)	(57.0, 3.755)	(58.0, 3.595)	(59.0, 3.47)	(60.0, 2.815)	(61.0, 2.26)	(62.0, 2.03)	(63.0, 2.035)	(64.0, 1.92)	(65.0, 1.585)	(66.0, 1.18)	(67.0, 0.98)	(68.0, 0.9249999999999999)	(69.0, 0.695)	(70.0, 0.5349999999999999)	(71.0, 0.42)	(72.0, 0.325)	(73.0, 0.29)	(74.0, 0.22)	(75.0, 0.165)	(76.0, 0.12)	(77.0, 0.075)	(78.0, 0.05)	(79.0, 0.04)	(80.0, 0.025)	(81.0, 0.01)	(82.0, 0.005)	(83.0, 0.0)	(84.0, 0.005)	(85.0, 0.005)	(86.0, 0.0)	(87.0, 0.0)	(88.0, 0.0)	(89.0, 0.0)	(90.0, 0.0)	(91.0, 0.0)	(92.0, 0.0)	(93.0, 0.0)	(94.0, 0.0)	(95.0, 0.0)	(96.0, 0.0)	(97.0, 0.0)	(98.0, 0.0)	(99.0, 0.0)	(100.0, 0.0)
HBR_Rep3_ERCC-Mix2_Build37-ErccTranscripts-chr22.read1	(0.0, 0.0)	(1.0, 0.0)	(2.0, 0.0)	(3.0, 0.0)	(4.0, 0.0)	(5.0, 0.0)	(6.0, 0.0)	(7.0, 0.0)	(8.0, 0.0)	(9.0, 0.0)	(10.0, 0.0)	(11.0, 0.0)	(12.0, 0.0)	(13.0, 0.0)	(14.0, 0.0)	(15.0, 0.0)	(16.0, 0.005)	(17.0, 0.01)	(18.0, 0.005)	(19.0, 0.005)	(20.0, 0.005)	(21.0, 0.03)	(22.0, 0.034999999999999996)	(23.0, 0.02)	(24.0, 0.065)	(25.0, 0.095)	(26.0, 0.09)	(27.0, 0.095)	(28.0, 0.12)	(29.0, 0.33)	(30.0, 0.485)	(31.0, 0.61)	(32.0, 0.705)	(33.0, 0.74)	(34.0, 0.95)	(35.0, 1.3)	(36.0, 1.975)	(37.0, 2.52)	(38.0, 2.895)	(39.0, 2.67)	(40.0, 2.18)	(41.0, 2.07)	(42.0, 1.9949999999999999)	(43.0, 2.0549999999999997)	(44.0, 2.3449999999999998)	(45.0, 2.68)	(46.0, 3.1550000000000002)	(47.0, 3.385)	(48.0, 3.305)	(49.0, 3.5700000000000003)	(50.0, 3.64)	(51.0, 3.6799999999999997)	(52.0, 4.665)	(53.0, 5.220000000000001)	(54.0, 4.585)	(55.0, 4.105)	(56.0, 3.7600000000000002)	(57.0, 3.62)	(58.0, 3.3550000000000004)	(59.0, 3.0300000000000002)	(60.0, 2.68)	(61.0, 2.245)	(62.0, 2.0549999999999997)	(63.0, 1.9800000000000002)	(64.0, 1.7500000000000002)	(65.0, 1.375)	(66.0, 1.27)	(67.0, 1.085)	(68.0, 0.8099999999999999)	(69.0, 0.66)	(70.0, 0.545)	(71.0, 0.42)	(72.0, 0.26)	(73.0, 0.19499999999999998)	(74.0, 0.16999999999999998)	(75.0, 0.105)	(76.0, 0.08)	(77.0, 0.06)	(78.0, 0.034999999999999996)	(79.0, 0.025)	(80.0, 0.015)	(81.0, 0.0)	(82.0, 0.005)	(83.0, 0.005)	(84.0, 0.0)	(85.0, 0.005)	(86.0, 0.005)	(87.0, 0.0)	(88.0, 0.0)	(89.0, 0.0)	(90.0, 0.0)	(91.0, 0.0)	(92.0, 0.0)	(93.0, 0.0)	(94.0, 0.0)	(95.0, 0.0)	(96.0, 0.0)	(97.0, 0.0)	(98.0, 0.0)	(99.0, 0.0)	(100.0, 0.0)
HBR_Rep3_ERCC-Mix2_Build37-ErccTranscripts-chr22.read2	(0.0, 0.0)	(1.0, 0.0)	(2.0, 0.0)	(3.0, 0.0)	(4.0, 0.0)	(5.0, 0.0)	(6.0, 0.0)	(7.0, 0.0)	(8.0, 0.0)	(9.0, 0.0)	(10.0, 0.0)	(11.0, 0.0)	(12.0, 0.0)	(13.0, 0.0)	(14.0, 0.0)	(15.0, 0.0)	(16.0, 0.0)	(17.0, 0.0)	(18.0, 0.005)	(19.0, 0.005)	(20.0, 0.0)	(21.0, 0.01)	(22.0, 0.02)	(23.0, 0.025)	(24.0, 0.02)	(25.0, 0.034999999999999996)	(26.0, 0.075)	(27.0, 0.095)	(28.0, 0.135)	(29.0, 0.20500000000000002)	(30.0, 0.37)	(31.0, 0.8250000000000001)	(32.0, 0.9950000000000001)	(33.0, 0.8200000000000001)	(34.0, 1.04)	(35.0, 1.455)	(36.0, 1.735)	(37.0, 2.04)	(38.0, 2.5100000000000002)	(39.0, 2.56)	(40.0, 2.4699999999999998)	(41.0, 2.175)	(42.0, 1.7999999999999998)	(43.0, 1.9800000000000002)	(44.0, 2.2399999999999998)	(45.0, 2.4250000000000003)	(46.0, 2.875)	(47.0, 3.335)	(48.0, 3.495)	(49.0, 3.595)	(50.0, 3.55)	(51.0, 3.7249999999999996)	(52.0, 4.324999999999999)	(53.0, 4.695)	(54.0, 4.705)	(55.0, 4.279999999999999)	(56.0, 4.0)	(57.0, 3.73)	(58.0, 3.44)	(59.0, 3.305)	(60.0, 2.895)	(61.0, 2.375)	(62.0, 2.0549999999999997)	(63.0, 2.01)	(64.0, 1.71)	(65.0, 1.43)	(66.0, 1.295)	(67.0, 1.165)	(68.0, 0.91)	(69.0, 0.615)	(70.0, 0.575)	(71.0, 0.545)	(72.0, 0.33999999999999997)	(73.0, 0.24)	(74.0, 0.24)	(75.0, 0.165)	(76.0, 0.08)	(77.0, 0.09)	(78.0, 0.075)	(79.0, 0.04)	(80.0, 0.02)	(81.0, 0.005)	(82.0, 0.0)	(83.0, 0.0)	(84.0, 0.0)	(85.0, 0.0)	(86.0, 0.0)	(87.0, 0.0)	(88.0, 0.0)	(89.0, 0.0)	(90.0, 0.0)	(91.0, 0.0)	(92.0, 0.0)	(93.0, 0.0)	(94.0, 0.0)	(95.0, 0.0)	(96.0, 0.0)	(97.0, 0.0)	(98.0, 0.0)	(99.0, 0.0)	(100.0, 0.0)
UHR_Rep1_ERCC-Mix1_Build37-ErccTranscripts-chr22.read1	(0.0, 0.0)	(1.0, 0.0)	(2.0, 0.0)	(3.0, 0.0)	(4.0, 0.0)	(5.0, 0.0)	(6.0, 0.0)	(7.0, 0.0)	(8.0, 0.0)	(9.0, 0.0)	(10.0, 0.0)	(11.0, 0.0)	(12.0, 0.0)	(13.0, 0.0)	(14.0, 0.0)	(15.0, 0.005)	(16.0, 0.005)	(17.0, 0.005)	(18.0, 0.005)	(19.0, 0.005)	(20.0, 0.005)	(21.0, 0.005)	(22.0, 0.02)	(23.0, 0.04)	(24.0, 0.055)	(25.0, 0.055)	(26.0, 0.075)	(27.0, 0.08499999999999999)	(28.0, 0.11499999999999999)	(29.0, 0.335)	(30.0, 0.5700000000000001)	(31.0, 0.635)	(32.0, 0.67)	(33.0, 0.895)	(34.0, 1.06)	(35.0, 1.225)	(36.0, 1.685)	(37.0, 2.06)	(38.0, 2.415)	(39.0, 2.445)	(40.0, 2.0549999999999997)	(41.0, 2.165)	(42.0, 2.45)	(43.0, 2.56)	(44.0, 3.0949999999999998)	(45.0, 3.5450000000000004)	(46.0, 4.005)	(47.0, 4.495)	(48.0, 4.75)	(49.0, 4.3)	(50.0, 3.7800000000000002)	(51.0, 3.8699999999999997)	(52.0, 4.42)	(53.0, 4.675)	(54.0, 4.245)	(55.0, 4.255)	(56.0, 3.7249999999999996)	(57.0, 3.09)	(58.0, 2.8400000000000003)	(59.0, 2.7)	(60.0, 2.505)	(61.0, 2.01)	(62.0, 1.7950000000000002)	(63.0, 1.775)	(64.0, 1.435)	(65.0, 1.02)	(66.0, 0.9400000000000001)	(67.0, 0.845)	(68.0, 0.66)	(69.0, 0.49)	(70.0, 0.36)	(71.0, 0.255)	(72.0, 0.15)	(73.0, 0.075)	(74.0, 0.06999999999999999)	(75.0, 0.05)	(76.0, 0.025)	(77.0, 0.02)	(78.0, 0.015)	(79.0, 0.01)	(80.0, 0.0)	(81.0, 0.0)	(82.0, 0.0)	(83.0, 0.0)	(84.0, 0.0)	(85.0, 0.0)	(86.0, 0.0)	(87.0, 0.0)	(88.0, 0.0)	(89.0, 0.0)	(90.0, 0.0)	(91.0, 0.0)	(92.0, 0.0)	(93.0, 0.0)	(94.0, 0.0)	(95.0, 0.0)	(96.0, 0.0)	(97.0, 0.0)	(98.0, 0.0)	(99.0, 0.0)	(100.0, 0.0)
UHR_Rep1_ERCC-Mix1_Build37-ErccTranscripts-chr22.read2	(0.0, 0.0)	(1.0, 0.0)	(2.0, 0.0)	(3.0, 0.0)	(4.0, 0.0)	(5.0, 0.0)	(6.0, 0.0)	(7.0, 0.0)	(8.0, 0.0)	(9.0, 0.0)	(10.0, 0.0)	(11.0, 0.0)	(12.0, 0.0)	(13.0, 0.0)	(14.0, 0.0)	(15.0, 0.0)	(16.0, 0.0)	(17.0, 0.0)	(18.0, 0.0)	(19.0, 0.015)	(20.0, 0.02)	(21.0, 0.01)	(22.0, 0.02)	(23.0, 0.05)	(24.0, 0.045)	(25.0, 0.04)	(26.0, 0.08499999999999999)	(27.0, 0.095)	(28.0, 0.185)	(29.0, 0.3)	(30.0, 0.41000000000000003)	(31.0, 0.735)	(32.0, 0.8699999999999999)	(33.0, 0.895)	(34.0, 1.1900000000000002)	(35.0, 1.5350000000000001)	(36.0, 1.7049999999999998)	(37.0, 1.7950000000000002)	(38.0, 2.075)	(39.0, 2.42)	(40.0, 2.69)	(41.0, 2.405)	(42.0, 2.1350000000000002)	(43.0, 2.44)	(44.0, 2.97)	(45.0, 3.0700000000000003)	(46.0, 3.0949999999999998)	(47.0, 3.8249999999999997)	(48.0, 4.455)	(49.0, 4.3549999999999995)	(50.0, 4.095)	(51.0, 3.9699999999999998)	(52.0, 4.18)	(53.0, 4.375)	(54.0, 4.1450000000000005)	(55.0, 4.005)	(56.0, 3.8150000000000004)	(57.0, 3.485)	(58.0, 3.4450000000000003)	(59.0, 3.2)	(60.0, 2.685)	(61.0, 2.2849999999999997)	(62.0, 1.97)	(63.0, 1.765)	(64.0, 1.43)	(65.0, 1.16)	(66.0, 0.895)	(67.0, 0.7000000000000001)	(68.0, 0.5950000000000001)	(69.0, 0.53)	(70.0, 0.415)	(71.0, 0.295)	(72.0, 0.21)	(73.0, 0.12)	(74.0, 0.12)	(75.0, 0.08499999999999999)	(76.0, 0.02)	(77.0, 0.02)	(78.0, 0.02)	(79.0, 0.02)	(80.0, 0.01)	(81.0, 0.0)	(82.0, 0.0)	(83.0, 0.0)	(84.0, 0.0)	(85.0, 0.0)	(86.0, 0.0)	(87.0, 0.0)	(88.0, 0.0)	(89.0, 0.0)	(90.0, 0.0)	(91.0, 0.0)	(92.0, 0.0)	(93.0, 0.0)	(94.0, 0.0)	(95.0, 0.0)	(96.0, 0.0)	(97.0, 0.0)	(98.0, 0.0)	(99.0, 0.0)	(100.0, 0.0)
UHR_Rep2_ERCC-Mix1_Build37-ErccTranscripts-chr22.read1	(0.0, 0.0)	(1.0, 0.0)	(2.0, 0.0)	(3.0, 0.0)	(4.0, 0.0)	(5.0, 0.0)	(6.0, 0.0)	(7.0, 0.0)	(8.0, 0.0)	(9.0, 0.005)	(10.0, 0.005)	(11.0, 0.0)	(12.0, 0.0)	(13.0, 0.0)	(14.0, 0.0)	(15.0, 0.0)	(16.0, 0.005)	(17.0, 0.015)	(18.0, 0.015)	(19.0, 0.015)	(20.0, 0.02)	(21.0, 0.02)	(22.0, 0.015)	(23.0, 0.02)	(24.0, 0.03)	(25.0, 0.045)	(26.0, 0.095)	(27.0, 0.18)	(28.0, 0.22499999999999998)	(29.0, 0.33999999999999997)	(30.0, 0.6)	(31.0, 0.79)	(32.0, 0.89)	(33.0, 1.01)	(34.0, 1.265)	(35.0, 1.48)	(36.0, 1.9)	(37.0, 2.48)	(38.0, 3.005)	(39.0, 2.995)	(40.0, 2.39)	(41.0, 2.27)	(42.0, 2.5100000000000002)	(43.0, 2.5749999999999997)	(44.0, 2.9000000000000004)	(45.0, 3.56)	(46.0, 4.2250000000000005)	(47.0, 4.32)	(48.0, 4.2)	(49.0, 4.05)	(50.0, 3.5749999999999997)	(51.0, 3.7449999999999997)	(52.0, 4.36)	(53.0, 4.46)	(54.0, 3.895)	(55.0, 3.54)	(56.0, 3.35)	(57.0, 3.025)	(58.0, 2.8000000000000003)	(59.0, 2.73)	(60.0, 2.44)	(61.0, 2.01)	(62.0, 1.91)	(63.0, 1.735)	(64.0, 1.37)	(65.0, 0.975)	(66.0, 0.845)	(67.0, 0.72)	(68.0, 0.5349999999999999)	(69.0, 0.44)	(70.0, 0.325)	(71.0, 0.255)	(72.0, 0.21)	(73.0, 0.15)	(74.0, 0.06999999999999999)	(75.0, 0.03)	(76.0, 0.015)	(77.0, 0.015)	(78.0, 0.005)	(79.0, 0.0)	(80.0, 0.0)	(81.0, 0.0)	(82.0, 0.0)	(83.0, 0.0)	(84.0, 0.0)	(85.0, 0.0)	(86.0, 0.0)	(87.0, 0.0)	(88.0, 0.0)	(89.0, 0.0)	(90.0, 0.0)	(91.0, 0.0)	(92.0, 0.0)	(93.0, 0.0)	(94.0, 0.0)	(95.0, 0.0)	(96.0, 0.0)	(97.0, 0.0)	(98.0, 0.0)	(99.0, 0.0)	(100.0, 0.0)
UHR_Rep2_ERCC-Mix1_Build37-ErccTranscripts-chr22.read2	(0.0, 0.0)	(1.0, 0.0)	(2.0, 0.0)	(3.0, 0.0)	(4.0, 0.0)	(5.0, 0.0)	(6.0, 0.0)	(7.0, 0.0)	(8.0, 0.0)	(9.0, 0.0)	(10.0, 0.0)	(11.0, 0.0)	(12.0, 0.0)	(13.0, 0.0)	(14.0, 0.005)	(15.0, 0.005)	(16.0, 0.005)	(17.0, 0.01)	(18.0, 0.02)	(19.0, 0.02)	(20.0, 0.01)	(21.0, 0.015)	(22.0, 0.025)	(23.0, 0.03)	(24.0, 0.05)	(25.0, 0.075)	(26.0, 0.09)	(27.0, 0.13)	(28.0, 0.19499999999999998)	(29.0, 0.28500000000000003)	(30.0, 0.49500000000000005)	(31.0, 0.865)	(32.0, 1.075)	(33.0, 1.13)	(34.0, 1.51)	(35.0, 1.805)	(36.0, 2.005)	(37.0, 2.2849999999999997)	(38.0, 2.495)	(39.0, 2.735)	(40.0, 2.905)	(41.0, 2.73)	(42.0, 2.1950000000000003)	(43.0, 2.1999999999999997)	(44.0, 2.78)	(45.0, 3.115)	(46.0, 3.225)	(47.0, 3.6799999999999997)	(48.0, 4.2700000000000005)	(49.0, 4.18)	(50.0, 3.755)	(51.0, 3.665)	(52.0, 3.8699999999999997)	(53.0, 3.9849999999999994)	(54.0, 4.015)	(55.0, 3.9600000000000004)	(56.0, 3.65)	(57.0, 3.385)	(58.0, 3.3000000000000003)	(59.0, 3.145)	(60.0, 2.595)	(61.0, 2.15)	(62.0, 1.8599999999999999)	(63.0, 1.675)	(64.0, 1.51)	(65.0, 1.075)	(66.0, 0.83)	(67.0, 0.7250000000000001)	(68.0, 0.585)	(69.0, 0.47000000000000003)	(70.0, 0.37)	(71.0, 0.27499999999999997)	(72.0, 0.16)	(73.0, 0.095)	(74.0, 0.08)	(75.0, 0.055)	(76.0, 0.04)	(77.0, 0.03)	(78.0, 0.015)	(79.0, 0.01)	(80.0, 0.005)	(81.0, 0.005)	(82.0, 0.005)	(83.0, 0.0)	(84.0, 0.0)	(85.0, 0.0)	(86.0, 0.0)	(87.0, 0.0)	(88.0, 0.0)	(89.0, 0.0)	(90.0, 0.0)	(91.0, 0.0)	(92.0, 0.0)	(93.0, 0.0)	(94.0, 0.0)	(95.0, 0.0)	(96.0, 0.0)	(97.0, 0.0)	(98.0, 0.0)	(99.0, 0.0)	(100.0, 0.0)
UHR_Rep3_ERCC-Mix1_Build37-ErccTranscripts-chr22.read1	(0.0, 0.0)	(1.0, 0.0)	(2.0, 0.0)	(3.0, 0.0)	(4.0, 0.0)	(5.0, 0.0)	(6.0, 0.0)	(7.0, 0.0)	(8.0, 0.0)	(9.0, 0.0)	(10.0, 0.0)	(11.0, 0.0)	(12.0, 0.0)	(13.0, 0.0)	(14.0, 0.0)	(15.0, 0.005)	(16.0, 0.005)	(17.0, 0.0)	(18.0, 0.0)	(19.0, 0.0)	(20.0, 0.005)	(21.0, 0.015)	(22.0, 0.01)	(23.0, 0.02)	(24.0, 0.065)	(25.0, 0.06)	(26.0, 0.045)	(27.0, 0.05)	(28.0, 0.08)	(29.0, 0.255)	(30.0, 0.485)	(31.0, 0.67)	(32.0, 0.8049999999999999)	(33.0, 0.9249999999999999)	(34.0, 1.03)	(35.0, 1.18)	(36.0, 1.6049999999999998)	(37.0, 2.175)	(38.0, 2.6149999999999998)	(39.0, 2.565)	(40.0, 2.1950000000000003)	(41.0, 2.215)	(42.0, 2.23)	(43.0, 2.45)	(44.0, 3.125)	(45.0, 3.5450000000000004)	(46.0, 4.33)	(47.0, 4.71)	(48.0, 4.315)	(49.0, 4.105)	(50.0, 3.995)	(51.0, 4.06)	(52.0, 4.390000000000001)	(53.0, 4.62)	(54.0, 4.234999999999999)	(55.0, 3.9699999999999998)	(56.0, 3.54)	(57.0, 3.1)	(58.0, 2.795)	(59.0, 2.545)	(60.0, 2.46)	(61.0, 2.1999999999999997)	(62.0, 2.045)	(63.0, 1.68)	(64.0, 1.25)	(65.0, 0.96)	(66.0, 0.8999999999999999)	(67.0, 0.95)	(68.0, 0.735)	(69.0, 0.49500000000000005)	(70.0, 0.335)	(71.0, 0.24)	(72.0, 0.22999999999999998)	(73.0, 0.15)	(74.0, 0.1)	(75.0, 0.055)	(76.0, 0.034999999999999996)	(77.0, 0.03)	(78.0, 0.01)	(79.0, 0.0)	(80.0, 0.0)	(81.0, 0.0)	(82.0, 0.0)	(83.0, 0.0)	(84.0, 0.0)	(85.0, 0.0)	(86.0, 0.0)	(87.0, 0.0)	(88.0, 0.0)	(89.0, 0.0)	(90.0, 0.0)	(91.0, 0.0)	(92.0, 0.0)	(93.0, 0.0)	(94.0, 0.0)	(95.0, 0.0)	(96.0, 0.0)	(97.0, 0.0)	(98.0, 0.0)	(99.0, 0.0)	(100.0, 0.0)
UHR_Rep3_ERCC-Mix1_Build37-ErccTranscripts-chr22.read2	(0.0, 0.0)	(1.0, 0.0)	(2.0, 0.0)	(3.0, 0.0)	(4.0, 0.0)	(5.0, 0.0)	(6.0, 0.0)	(7.0, 0.0)	(8.0, 0.0)	(9.0, 0.0)	(10.0, 0.0)	(11.0, 0.0)	(12.0, 0.0)	(13.0, 0.0)	(14.0, 0.0)	(15.0, 0.0)	(16.0, 0.005)	(17.0, 0.01)	(18.0, 0.005)	(19.0, 0.0)	(20.0, 0.0)	(21.0, 0.01)	(22.0, 0.015)	(23.0, 0.025)	(24.0, 0.04)	(25.0, 0.04)	(26.0, 0.08)	(27.0, 0.1)	(28.0, 0.135)	(29.0, 0.19)	(30.0, 0.37)	(31.0, 0.7849999999999999)	(32.0, 0.895)	(33.0, 0.8200000000000001)	(34.0, 1.11)	(35.0, 1.37)	(36.0, 1.6)	(37.0, 1.95)	(38.0, 2.305)	(39.0, 2.725)	(40.0, 2.79)	(41.0, 2.5149999999999997)	(42.0, 2.235)	(43.0, 2.31)	(44.0, 2.88)	(45.0, 3.145)	(46.0, 3.3000000000000003)	(47.0, 4.01)	(48.0, 4.52)	(49.0, 4.35)	(50.0, 3.875)	(51.0, 3.6999999999999997)	(52.0, 3.91)	(53.0, 4.1000000000000005)	(54.0, 4.22)	(55.0, 4.19)	(56.0, 3.81)	(57.0, 3.435)	(58.0, 3.47)	(59.0, 3.245)	(60.0, 2.7199999999999998)	(61.0, 2.305)	(62.0, 1.91)	(63.0, 1.68)	(64.0, 1.35)	(65.0, 1.015)	(66.0, 0.8500000000000001)	(67.0, 0.72)	(68.0, 0.6649999999999999)	(69.0, 0.645)	(70.0, 0.505)	(71.0, 0.315)	(72.0, 0.24)	(73.0, 0.165)	(74.0, 0.1)	(75.0, 0.075)	(76.0, 0.05)	(77.0, 0.034999999999999996)	(78.0, 0.02)	(79.0, 0.015)	(80.0, 0.02)	(81.0, 0.005)	(82.0, 0.0)	(83.0, 0.0)	(84.0, 0.0)	(85.0, 0.0)	(86.0, 0.0)	(87.0, 0.0)	(88.0, 0.0)	(89.0, 0.0)	(90.0, 0.0)	(91.0, 0.0)	(92.0, 0.0)	(93.0, 0.0)	(94.0, 0.0)	(95.0, 0.0)	(96.0, 0.0)	(97.0, 0.0)	(98.0, 0.0)	(99.0, 0.0)	(100.0, 0.0)
