Sample	0	1	2	3	4	5	6	7	8	9	10	11	12	13	14	15	16	17	18	19	20	21	22	23	24	25	26	27	28	29	30	31	32	33	34	35	36	37	38	39	40	41	42	43	44	45	46	47	48	49	50	51	52	53	54
HBR_Rep1_ERCC-Mix2_Build37-ErccTranscripts-chr22.read1	(1, 32.9276)	(2, 33.1349)	(3, 33.1829)	(4, 36.5113)	(5, 36.4378)	(6, 36.414)	(7, 36.4203)	(8, 36.3981)	(9, 38.2272)	(10, 38.22585)	(12, 38.2183)	(14, 39.759299999999996)	(16, 39.71875)	(18, 39.714349999999996)	(20, 39.6802)	(22, 39.6156)	(24, 39.59075)	(26, 39.494150000000005)	(28, 39.39)	(30, 39.299350000000004)	(32, 39.1932)	(34, 39.0462)	(36, 38.847049999999996)	(38, 38.7568)	(40, 38.69385)	(42, 38.726600000000005)	(44, 38.687650000000005)	(46, 38.5715)	(48, 38.44)	(50, 38.19395)	(52, 37.96965)	(54, 37.746700000000004)	(56, 37.55065)	(58, 37.244550000000004)	(60, 36.9227)	(62, 36.6196)	(64, 36.240700000000004)	(66, 35.9121)	(68, 35.6138)	(70, 35.386449999999996)	(72, 35.122600000000006)	(74, 34.814800000000005)	(76, 33.2643)	(78, 34.16885)	(80, 34.14335)	(82, 34.00315)	(84, 33.78185)	(86, 33.6545)	(88, 33.453900000000004)	(90, 33.2436)	(92, 33.1528)	(94, 33.0126)	(96, 32.84015)	(98, 32.64565)	(100, 32.467)
HBR_Rep1_ERCC-Mix2_Build37-ErccTranscripts-chr22.read2	(1, 32.7234)	(2, 32.8148)	(3, 32.8691)	(4, 36.2278)	(5, 36.2183)	(6, 36.2334)	(7, 36.2404)	(8, 36.226)	(9, 38.0341)	(10, 37.988150000000005)	(12, 37.992599999999996)	(14, 39.49565)	(16, 39.41515)	(18, 39.396699999999996)	(20, 39.33645)	(22, 39.24185)	(24, 39.1567)	(26, 39.12925)	(28, 39.0294)	(30, 38.856700000000004)	(32, 38.762550000000005)	(34, 38.6842)	(36, 38.5266)	(38, 38.42785)	(40, 38.20955)	(42, 37.9891)	(44, 37.83785)	(46, 38.0015)	(48, 38.02985)	(50, 36.657)	(52, 36.72765)	(54, 37.2952)	(56, 37.13225)	(58, 36.895250000000004)	(60, 36.5865)	(62, 36.2529)	(64, 35.930350000000004)	(66, 35.588049999999996)	(68, 35.2769)	(70, 35.0303)	(72, 34.7518)	(74, 34.53395)	(76, 34.2896)	(78, 34.0213)	(80, 33.7231)	(82, 33.5287)	(84, 33.31115)	(86, 33.10965)	(88, 32.914100000000005)	(90, 32.751599999999996)	(92, 32.609300000000005)	(94, 32.397549999999995)	(96, 32.1601)	(98, 31.87895)	(100, 31.7202)
HBR_Rep2_ERCC-Mix2_Build37-ErccTranscripts-chr22.read1	(1, 32.9101)	(2, 33.1016)	(3, 33.1725)	(4, 36.4704)	(5, 36.4148)	(6, 36.4005)	(7, 36.4393)	(8, 36.4262)	(9, 38.2566)	(10, 38.230199999999996)	(12, 38.1839)	(14, 39.7475)	(16, 39.72345)	(18, 39.7209)	(20, 39.668400000000005)	(22, 39.6193)	(24, 39.56975)	(26, 39.480599999999995)	(28, 39.37335)	(30, 39.2615)	(32, 39.1713)	(34, 39.033150000000006)	(36, 38.825500000000005)	(38, 38.6863)	(40, 38.657799999999995)	(42, 38.6586)	(44, 38.65905)	(46, 38.46845)	(48, 38.3354)	(50, 38.1006)	(52, 37.865899999999996)	(54, 37.63915)	(56, 37.418499999999995)	(58, 37.0888)	(60, 36.79095)	(62, 36.45255)	(64, 36.156400000000005)	(66, 35.8311)	(68, 35.6156)	(70, 35.29255)	(72, 34.984449999999995)	(74, 34.71445)	(76, 33.1961)	(78, 34.16225)	(80, 34.14845)	(82, 33.89085)	(84, 33.74225)	(86, 33.560199999999995)	(88, 33.372550000000004)	(90, 33.1205)	(92, 33.10365)	(94, 32.94745)	(96, 32.780100000000004)	(98, 32.5873)	(100, 32.4352)
HBR_Rep2_ERCC-Mix2_Build37-ErccTranscripts-chr22.read2	(1, 32.7048)	(2, 32.8132)	(3, 32.8362)	(4, 36.2213)	(5, 36.2239)	(6, 36.1752)	(7, 36.2377)	(8, 36.2511)	(9, 38.0796)	(10, 38.018100000000004)	(12, 38.00605)	(14, 39.49215)	(16, 39.42215)	(18, 39.391850000000005)	(20, 39.3768)	(22, 39.2594)	(24, 39.206649999999996)	(26, 39.135)	(28, 39.0425)	(30, 38.944050000000004)	(32, 38.809799999999996)	(34, 38.70425)	(36, 38.552800000000005)	(38, 38.4165)	(40, 38.206500000000005)	(42, 38.0513)	(44, 37.92885)	(46, 38.043800000000005)	(48, 38.05785)	(50, 36.615449999999996)	(52, 36.7342)	(54, 37.2785)	(56, 37.1278)	(58, 36.87105)	(60, 36.52905)	(62, 36.22875)	(64, 35.905950000000004)	(66, 35.57605)	(68, 35.25625)	(70, 34.955)	(72, 34.695)	(74, 34.46575)	(76, 34.21725)	(78, 33.942750000000004)	(80, 33.6594)	(82, 33.46355)	(84, 33.22305)	(86, 33.04575)	(88, 32.9214)	(90, 32.754400000000004)	(92, 32.623000000000005)	(94, 32.3875)	(96, 32.12435)	(98, 31.827550000000002)	(100, 31.6082)
HBR_Rep3_ERCC-Mix2_Build37-ErccTranscripts-chr22.read1	(1, 32.9292)	(2, 33.1359)	(3, 33.1683)	(4, 36.5031)	(5, 36.4318)	(6, 36.4134)	(7, 36.4292)	(8, 36.415)	(9, 38.2218)	(10, 38.2353)	(12, 38.220650000000006)	(14, 39.766000000000005)	(16, 39.7405)	(18, 39.714)	(20, 39.6387)	(22, 39.6248)	(24, 39.582449999999994)	(26, 39.47045)	(28, 39.37795)	(30, 39.2774)	(32, 39.180099999999996)	(34, 39.05085)	(36, 38.913349999999994)	(38, 38.8071)	(40, 38.7381)	(42, 38.70075)	(44, 38.6702)	(46, 38.51735)	(48, 38.41815)	(50, 38.197100000000006)	(52, 37.970600000000005)	(54, 37.80395)	(56, 37.545249999999996)	(58, 37.20625)	(60, 36.89490000000001)	(62, 36.5505)	(64, 36.2263)	(66, 35.9199)	(68, 35.6623)	(70, 35.447900000000004)	(72, 35.07895)	(74, 34.80185)	(76, 33.3144)	(78, 34.2038)	(80, 34.205799999999996)	(82, 34.00075)	(84, 33.8035)	(86, 33.6748)	(88, 33.53605)	(90, 33.285650000000004)	(92, 33.2136)	(94, 33.0672)	(96, 32.7916)	(98, 32.5499)	(100, 32.4086)
HBR_Rep3_ERCC-Mix2_Build37-ErccTranscripts-chr22.read2	(1, 32.7058)	(2, 32.8217)	(3, 32.838)	(4, 36.2138)	(5, 36.1957)	(6, 36.1825)	(7, 36.2233)	(8, 36.2382)	(9, 38.019)	(10, 37.9618)	(12, 37.9314)	(14, 39.47535)	(16, 39.3963)	(18, 39.3896)	(20, 39.33025)	(22, 39.24225)	(24, 39.1755)	(26, 39.1007)	(28, 39.02115)	(30, 38.90505)	(32, 38.78305)	(34, 38.69745)	(36, 38.536100000000005)	(38, 38.4182)	(40, 38.227199999999996)	(42, 38.004599999999996)	(44, 37.864050000000006)	(46, 38.04625)	(48, 38.080749999999995)	(50, 36.7095)	(52, 36.770849999999996)	(54, 37.3186)	(56, 37.1138)	(58, 36.8771)	(60, 36.5673)	(62, 36.2331)	(64, 35.913399999999996)	(66, 35.582499999999996)	(68, 35.24905)	(70, 35.0015)	(72, 34.7382)	(74, 34.5252)	(76, 34.2513)	(78, 33.9699)	(80, 33.67595)	(82, 33.47685)	(84, 33.23175)	(86, 33.0761)	(88, 32.8644)	(90, 32.6737)	(92, 32.50685)	(94, 32.3168)	(96, 32.1282)	(98, 31.8471)	(100, 31.6411)
UHR_Rep1_ERCC-Mix1_Build37-ErccTranscripts-chr22.read1	(1, 32.3853)	(2, 32.5859)	(3, 32.5804)	(4, 36.0665)	(5, 35.9933)	(6, 35.9435)	(7, 35.9604)	(8, 35.9894)	(9, 37.6948)	(10, 37.627250000000004)	(12, 37.5958)	(14, 38.94485)	(16, 38.92274999999999)	(18, 38.96525)	(20, 38.88890000000001)	(22, 38.834050000000005)	(24, 38.73865)	(26, 38.6531)	(28, 38.532399999999996)	(30, 38.4476)	(32, 38.35675)	(34, 38.2081)	(36, 38.081450000000004)	(38, 37.963049999999996)	(40, 37.8279)	(42, 37.594049999999996)	(44, 37.50205)	(46, 37.498400000000004)	(48, 37.343999999999994)	(50, 37.18655)	(52, 36.974000000000004)	(54, 36.88465)	(56, 36.660250000000005)	(58, 36.4617)	(60, 36.16915)	(62, 35.845650000000006)	(64, 35.511849999999995)	(66, 35.1757)	(68, 34.903999999999996)	(70, 34.60575)	(72, 34.28715)	(74, 33.980450000000005)	(76, 32.323499999999996)	(78, 33.3117)	(80, 33.3987)	(82, 33.30185)	(84, 33.08735)	(86, 32.9161)	(88, 32.742149999999995)	(90, 32.54085)	(92, 32.38285)	(94, 32.3188)	(96, 32.157)	(98, 31.845)	(100, 31.663)
UHR_Rep1_ERCC-Mix1_Build37-ErccTranscripts-chr22.read2	(1, 31.9023)	(2, 32.0014)	(3, 31.9924)	(4, 35.5338)	(5, 35.5745)	(6, 35.5508)	(7, 35.5687)	(8, 35.5886)	(9, 37.2113)	(10, 37.15675)	(12, 37.1135)	(14, 38.36965)	(16, 38.32885)	(18, 38.309749999999994)	(20, 38.24315)	(22, 38.103049999999996)	(24, 38.0361)	(26, 37.9922)	(28, 37.851)	(30, 37.747150000000005)	(32, 37.66135)	(34, 37.53335)	(36, 37.3713)	(38, 37.21025)	(40, 37.0002)	(42, 36.77235)	(44, 36.4905)	(46, 36.682249999999996)	(48, 36.571200000000005)	(50, 35.11095)	(52, 35.208749999999995)	(54, 36.04905)	(56, 35.91255)	(58, 35.66905)	(60, 35.38985)	(62, 35.05155)	(64, 34.66055)	(66, 34.3392)	(68, 34.042500000000004)	(70, 33.712500000000006)	(72, 33.4023)	(74, 33.16330000000001)	(76, 32.8874)	(78, 32.606049999999996)	(80, 32.338)	(82, 32.08665)	(84, 31.79885)	(86, 31.587400000000002)	(88, 31.3341)	(90, 31.1481)	(92, 30.890050000000002)	(94, 30.6795)	(96, 30.381050000000002)	(98, 30.10465)	(100, 29.877)
UHR_Rep2_ERCC-Mix1_Build37-ErccTranscripts-chr22.read1	(1, 32.3593)	(2, 32.5316)	(3, 32.5131)	(4, 36.0182)	(5, 35.8976)	(6, 35.8733)	(7, 35.9024)	(8, 35.8811)	(9, 37.5973)	(10, 37.51455)	(12, 37.52095)	(14, 38.87235)	(16, 38.80955)	(18, 38.807249999999996)	(20, 38.79245)	(22, 38.714299999999994)	(24, 38.64255)	(26, 38.5631)	(28, 38.4353)	(30, 38.3408)	(32, 38.21065)	(34, 38.06365)	(36, 38.0141)	(38, 37.8532)	(40, 37.72645)	(42, 37.543949999999995)	(44, 37.425200000000004)	(46, 37.382850000000005)	(48, 37.26445)	(50, 37.207750000000004)	(52, 36.927099999999996)	(54, 36.809250000000006)	(56, 36.728049999999996)	(58, 36.4876)	(60, 36.1928)	(62, 35.87095)	(64, 35.47525)	(66, 35.2255)	(68, 35.00465)	(70, 34.67959999999999)	(72, 34.37595)	(74, 34.10835)	(76, 32.40475)	(78, 33.414249999999996)	(80, 33.51445)	(82, 33.37415)	(84, 33.141549999999995)	(86, 32.9919)	(88, 32.797)	(90, 32.5733)	(92, 32.43255)	(94, 32.29405)	(96, 32.0108)	(98, 31.6695)	(100, 31.5181)
UHR_Rep2_ERCC-Mix1_Build37-ErccTranscripts-chr22.read2	(1, 31.8673)	(2, 32.0039)	(3, 32.0053)	(4, 35.512)	(5, 35.5317)	(6, 35.5417)	(7, 35.5526)	(8, 35.5788)	(9, 37.2245)	(10, 37.1017)	(12, 37.0627)	(14, 38.33825)	(16, 38.3293)	(18, 38.22605)	(20, 38.25265)	(22, 38.135549999999995)	(24, 38.09715)	(26, 38.00345)	(28, 37.891850000000005)	(30, 37.77334999999999)	(32, 37.7208)	(34, 37.61065)	(36, 37.3849)	(38, 37.30970000000001)	(40, 37.0784)	(42, 36.810199999999995)	(44, 36.6405)	(46, 36.8437)	(48, 36.7632)	(50, 35.3067)	(52, 35.38445)	(54, 36.16995)	(56, 36.14595)	(58, 35.839600000000004)	(60, 35.5141)	(62, 35.22135)	(64, 34.8701)	(66, 34.4987)	(68, 34.20825)	(70, 33.91135)	(72, 33.640950000000004)	(74, 33.37105)	(76, 33.03725)	(78, 32.754850000000005)	(80, 32.439499999999995)	(82, 32.2577)	(84, 31.947650000000003)	(86, 31.66885)	(88, 31.43205)	(90, 31.21165)	(92, 31.03905)	(94, 30.73695)	(96, 30.4148)	(98, 30.1925)	(100, 29.8953)
UHR_Rep3_ERCC-Mix1_Build37-ErccTranscripts-chr22.read1	(1, 32.4105)	(2, 32.6008)	(3, 32.5813)	(4, 36.0518)	(5, 35.9285)	(6, 35.906)	(7, 35.9689)	(8, 35.9737)	(9, 37.7036)	(10, 37.59825)	(12, 37.56515)	(14, 38.938)	(16, 38.88605)	(18, 38.933800000000005)	(20, 38.87865)	(22, 38.786199999999994)	(24, 38.7295)	(26, 38.60795)	(28, 38.47625)	(30, 38.39565)	(32, 38.343599999999995)	(34, 38.20635)	(36, 38.077)	(38, 37.8953)	(40, 37.7552)	(42, 37.617850000000004)	(44, 37.41735)	(46, 37.3614)	(48, 37.2639)	(50, 37.125550000000004)	(52, 36.9327)	(54, 36.8114)	(56, 36.6948)	(58, 36.41015)	(60, 36.12665)	(62, 35.754599999999996)	(64, 35.42885)	(66, 35.16095)	(68, 34.85965)	(70, 34.59739999999999)	(72, 34.2954)	(74, 34.04145)	(76, 32.40125)	(78, 33.395700000000005)	(80, 33.464299999999994)	(82, 33.292249999999996)	(84, 33.1404)	(86, 33.043099999999995)	(88, 32.805499999999995)	(90, 32.561099999999996)	(92, 32.42935)	(94, 32.3233)	(96, 32.076)	(98, 31.72765)	(100, 31.6008)
UHR_Rep3_ERCC-Mix1_Build37-ErccTranscripts-chr22.read2	(1, 31.9959)	(2, 32.1015)	(3, 32.1352)	(4, 35.6479)	(5, 35.6292)	(6, 35.5945)	(7, 35.672)	(8, 35.6798)	(9, 37.2764)	(10, 37.2359)	(12, 37.20725)	(14, 38.5458)	(16, 38.48275)	(18, 38.41245)	(20, 38.379400000000004)	(22, 38.209199999999996)	(24, 38.1776)	(26, 38.1065)	(28, 38.001149999999996)	(30, 37.90495)	(32, 37.7654)	(34, 37.64)	(36, 37.513)	(38, 37.386849999999995)	(40, 37.17274999999999)	(42, 36.90685)	(44, 36.689099999999996)	(46, 36.873549999999994)	(48, 36.83825)	(50, 35.363749999999996)	(52, 35.4237)	(54, 36.18615)	(56, 36.10525)	(58, 35.893699999999995)	(60, 35.495400000000004)	(62, 35.1734)	(64, 34.80205)	(66, 34.4727)	(68, 34.102)	(70, 33.845650000000006)	(72, 33.59055)	(74, 33.37115)	(76, 33.0873)	(78, 32.830650000000006)	(80, 32.573)	(82, 32.330600000000004)	(84, 32.10495)	(86, 31.8946)	(88, 31.60765)	(90, 31.34265)	(92, 31.1916)	(94, 30.89315)	(96, 30.66755)	(98, 30.3667)	(100, 30.0879)
