Sample	0	1	2	3	4	5	6	7	8	9	10	11	12	13	14	15
HBR_Rep1_ERCC-Mix2_Build37-ErccTranscripts-chr22.read1	(1.0, 67.55)	(2.0, 7.3999999999999995)	(3.0, 4.590000000000001)	(4.0, 3.56)	(5.0, 2.1999999999999997)	(6.0, 1.92)	(7.0, 1.6099999999999999)	(8.0, 1.2)	(9.0, 1.08)	('>10', 8.89)	('>50', 0.0)	('>100', 0.0)	('>500', 0.0)	('>1k', 0.0)	('>5k', 0.0)	('>10k+', 0.0)
HBR_Rep1_ERCC-Mix2_Build37-ErccTranscripts-chr22.read2	(1.0, 66.84)	(2.0, 7.539999999999999)	(3.0, 5.28)	(4.0, 4.24)	(5.0, 3.2)	(6.0, 2.16)	(7.0, 1.6099999999999999)	(8.0, 1.68)	(9.0, 1.08)	('>10', 6.370000000000001)	('>50', 0.0)	('>100', 0.0)	('>500', 0.0)	('>1k', 0.0)	('>5k', 0.0)	('>10k+', 0.0)
HBR_Rep2_ERCC-Mix2_Build37-ErccTranscripts-chr22.read1	(1.0, 67.13)	(2.0, 7.4399999999999995)	(3.0, 4.9799999999999995)	(4.0, 3.5999999999999996)	(5.0, 2.4)	(6.0, 1.9800000000000002)	(7.0, 1.26)	(8.0, 1.1199999999999999)	(9.0, 1.26)	('>10', 8.83)	('>50', 0.0)	('>100', 0.0)	('>500', 0.0)	('>1k', 0.0)	('>5k', 0.0)	('>10k+', 0.0)
HBR_Rep2_ERCC-Mix2_Build37-ErccTranscripts-chr22.read2	(1.0, 66.44)	(2.0, 8.4)	(3.0, 4.92)	(4.0, 3.7600000000000002)	(5.0, 3.45)	(6.0, 2.22)	(7.0, 1.68)	(8.0, 1.68)	(9.0, 1.35)	('>10', 6.1)	('>50', 0.0)	('>100', 0.0)	('>500', 0.0)	('>1k', 0.0)	('>5k', 0.0)	('>10k+', 0.0)
HBR_Rep3_ERCC-Mix2_Build37-ErccTranscripts-chr22.read1	(1.0, 67.75)	(2.0, 7.22)	(3.0, 4.05)	(4.0, 3.2399999999999998)	(5.0, 2.25)	(6.0, 1.92)	(7.0, 1.4000000000000001)	(8.0, 2.16)	(9.0, 1.6199999999999999)	('>10', 8.39)	('>50', 0.0)	('>100', 0.0)	('>500', 0.0)	('>1k', 0.0)	('>5k', 0.0)	('>10k+', 0.0)
HBR_Rep3_ERCC-Mix2_Build37-ErccTranscripts-chr22.read2	(1.0, 66.67999999999999)	(2.0, 8.38)	(3.0, 5.04)	(4.0, 4.0)	(5.0, 2.8000000000000003)	(6.0, 2.1)	(7.0, 1.1900000000000002)	(8.0, 1.28)	(9.0, 1.71)	('>10', 6.2700000000000005)	('>50', 0.5499999999999999)	('>100', 0.0)	('>500', 0.0)	('>1k', 0.0)	('>5k', 0.0)	('>10k+', 0.0)
UHR_Rep1_ERCC-Mix1_Build37-ErccTranscripts-chr22.read1	(1.0, 62.88)	(2.0, 9.06)	(3.0, 5.64)	(4.0, 2.8400000000000003)	(5.0, 3.8)	(6.0, 2.64)	(7.0, 1.96)	(8.0, 1.28)	(9.0, 1.71)	('>10', 7.62)	('>50', 0.5700000000000001)	('>100', 0.0)	('>500', 0.0)	('>1k', 0.0)	('>5k', 0.0)	('>10k+', 0.0)
UHR_Rep1_ERCC-Mix1_Build37-ErccTranscripts-chr22.read2	(1.0, 62.17)	(2.0, 10.14)	(3.0, 6.4799999999999995)	(4.0, 4.3999999999999995)	(5.0, 3.6999999999999997)	(6.0, 2.7)	(7.0, 2.03)	(8.0, 1.92)	(9.0, 1.17)	('>10', 5.29)	('>50', 0.0)	('>100', 0.0)	('>500', 0.0)	('>1k', 0.0)	('>5k', 0.0)	('>10k+', 0.0)
UHR_Rep2_ERCC-Mix1_Build37-ErccTranscripts-chr22.read1	(1.0, 65.69)	(2.0, 9.139999999999999)	(3.0, 4.95)	(4.0, 3.6799999999999997)	(5.0, 2.1)	(6.0, 2.04)	(7.0, 2.31)	(8.0, 1.28)	(9.0, 1.17)	('>10', 7.64)	('>50', 0.0)	('>100', 0.0)	('>500', 0.0)	('>1k', 0.0)	('>5k', 0.0)	('>10k+', 0.0)
UHR_Rep2_ERCC-Mix1_Build37-ErccTranscripts-chr22.read2	(1.0, 65.03)	(2.0, 9.139999999999999)	(3.0, 5.4)	(4.0, 4.16)	(5.0, 2.6)	(6.0, 2.52)	(7.0, 2.52)	(8.0, 1.2)	(9.0, 0.8999999999999999)	('>10', 6.529999999999999)	('>50', 0.0)	('>100', 0.0)	('>500', 0.0)	('>1k', 0.0)	('>5k', 0.0)	('>10k+', 0.0)
UHR_Rep3_ERCC-Mix1_Build37-ErccTranscripts-chr22.read1	(1.0, 62.79)	(2.0, 8.58)	(3.0, 6.6000000000000005)	(4.0, 4.8)	(5.0, 2.45)	(6.0, 2.52)	(7.0, 2.03)	(8.0, 0.96)	(9.0, 1.44)	('>10', 7.2700000000000005)	('>50', 0.5599999999999999)	('>100', 0.0)	('>500', 0.0)	('>1k', 0.0)	('>5k', 0.0)	('>10k+', 0.0)
UHR_Rep3_ERCC-Mix1_Build37-ErccTranscripts-chr22.read2	(1.0, 60.49)	(2.0, 10.280000000000001)	(3.0, 6.510000000000001)	(4.0, 4.8)	(5.0, 3.9)	(6.0, 2.04)	(7.0, 2.45)	(8.0, 1.6)	(9.0, 0.8999999999999999)	('>10', 7.03)	('>50', 0.0)	('>100', 0.0)	('>500', 0.0)	('>1k', 0.0)	('>5k', 0.0)	('>10k+', 0.0)
