Sample	0	1	2	3	4	5	6	7	8	9	10	11	12	13	14	15	16	17	18	19	20	21	22	23	24	25	26	27	28	29	30	31	32	33	34	35	36	37	38	39	40	41	42	43	44	45	46	47	48	49	50	51	52	53	54	55	56	57	58	59	60	61	62	63	64	65	66	67	68	69	70	71	72	73	74	75	76	77	78	79	80	81	82	83	84	85	86	87	88	89	90	91	92	93	94	95	96	97	98	99	100
HBR_Rep1_ERCC-Mix2_Build37-ErccTranscripts-chr22.read1	(0.0, 0.0)	(1.0, 0.0)	(2.0, 0.0)	(3.0, 0.0)	(4.0, 0.0)	(5.0, 0.0)	(6.0, 0.0)	(7.0, 0.0)	(8.0, 0.0)	(9.0, 0.0)	(10.0, 0.0)	(11.0, 0.0)	(12.0, 0.0)	(13.0, 0.0)	(14.0, 0.5)	(15.0, 0.5)	(16.0, 0.0)	(17.0, 0.0)	(18.0, 0.0)	(19.0, 0.0)	(20.0, 0.0)	(21.0, 3.0)	(22.0, 3.5)	(23.0, 1.0)	(24.0, 2.5)	(25.0, 2.5)	(26.0, 4.0)	(27.0, 10.0)	(28.0, 12.0)	(29.0, 28.5)	(30.0, 49.0)	(31.0, 68.0)	(32.0, 75.0)	(33.0, 80.0)	(34.0, 104.5)	(35.0, 133.0)	(36.0, 183.5)	(37.0, 240.0)	(38.0, 293.0)	(39.0, 269.5)	(40.0, 204.0)	(41.0, 193.5)	(42.0, 187.5)	(43.0, 186.5)	(44.0, 234.5)	(45.0, 286.0)	(46.0, 305.0)	(47.0, 325.0)	(48.0, 351.0)	(49.0, 366.0)	(50.0, 363.5)	(51.0, 393.5)	(52.0, 499.0)	(53.0, 527.5)	(54.0, 476.5)	(55.0, 447.5)	(56.0, 365.5)	(57.0, 321.0)	(58.0, 318.5)	(59.0, 294.5)	(60.0, 266.5)	(61.0, 229.5)	(62.0, 209.5)	(63.0, 206.5)	(64.0, 179.0)	(65.0, 145.0)	(66.0, 116.5)	(67.0, 93.0)	(68.0, 81.0)	(69.0, 64.5)	(70.0, 55.5)	(71.0, 45.5)	(72.0, 30.5)	(73.0, 20.0)	(74.0, 18.0)	(75.0, 12.0)	(76.0, 6.5)	(77.0, 6.0)	(78.0, 4.0)	(79.0, 0.5)	(80.0, 0.5)	(81.0, 0.5)	(82.0, 0.0)	(83.0, 0.0)	(84.0, 0.0)	(85.0, 0.0)	(86.0, 0.0)	(87.0, 0.0)	(88.0, 0.0)	(89.0, 0.0)	(90.0, 0.0)	(91.0, 0.0)	(92.0, 0.0)	(93.0, 0.0)	(94.0, 0.0)	(95.0, 0.0)	(96.0, 0.0)	(97.0, 0.0)	(98.0, 0.0)	(99.0, 0.0)	(100.0, 0.0)
HBR_Rep1_ERCC-Mix2_Build37-ErccTranscripts-chr22.read2	(0.0, 0.0)	(1.0, 0.0)	(2.0, 0.0)	(3.0, 0.0)	(4.0, 0.0)	(5.0, 0.0)	(6.0, 0.0)	(7.0, 0.0)	(8.0, 0.0)	(9.0, 0.0)	(10.0, 0.0)	(11.0, 0.0)	(12.0, 0.0)	(13.0, 0.0)	(14.0, 0.0)	(15.0, 0.5)	(16.0, 0.5)	(17.0, 0.5)	(18.0, 1.0)	(19.0, 0.5)	(20.0, 0.0)	(21.0, 1.0)	(22.0, 2.0)	(23.0, 1.5)	(24.0, 1.5)	(25.0, 1.5)	(26.0, 8.0)	(27.0, 12.0)	(28.0, 14.0)	(29.0, 19.0)	(30.0, 32.5)	(31.0, 81.0)	(32.0, 108.5)	(33.0, 94.0)	(34.0, 108.5)	(35.0, 147.0)	(36.0, 175.5)	(37.0, 192.5)	(38.0, 230.0)	(39.0, 236.0)	(40.0, 246.5)	(41.0, 229.0)	(42.0, 175.0)	(43.0, 185.0)	(44.0, 228.0)	(45.0, 256.5)	(46.0, 276.0)	(47.0, 341.0)	(48.0, 367.0)	(49.0, 355.5)	(50.0, 363.0)	(51.0, 371.5)	(52.0, 398.0)	(53.0, 450.0)	(54.0, 469.5)	(55.0, 425.0)	(56.0, 394.0)	(57.0, 375.5)	(58.0, 380.5)	(59.0, 350.5)	(60.0, 281.5)	(61.0, 233.5)	(62.0, 209.5)	(63.0, 231.5)	(64.0, 201.5)	(65.0, 143.0)	(66.0, 109.5)	(67.0, 91.0)	(68.0, 78.5)	(69.0, 63.5)	(70.0, 53.5)	(71.0, 47.0)	(72.0, 47.5)	(73.0, 35.5)	(74.0, 20.0)	(75.0, 17.0)	(76.0, 9.5)	(77.0, 3.0)	(78.0, 6.0)	(79.0, 7.0)	(80.0, 2.5)	(81.0, 1.0)	(82.0, 1.0)	(83.0, 0.5)	(84.0, 0.0)	(85.0, 0.0)	(86.0, 0.0)	(87.0, 0.0)	(88.0, 0.0)	(89.0, 0.0)	(90.0, 0.0)	(91.0, 0.0)	(92.0, 0.0)	(93.0, 0.0)	(94.0, 0.0)	(95.0, 0.0)	(96.0, 0.0)	(97.0, 0.0)	(98.0, 0.0)	(99.0, 0.0)	(100.0, 0.0)
HBR_Rep2_ERCC-Mix2_Build37-ErccTranscripts-chr22.read1	(0.0, 0.0)	(1.0, 0.0)	(2.0, 0.0)	(3.0, 0.0)	(4.0, 0.0)	(5.0, 0.0)	(6.0, 0.0)	(7.0, 0.0)	(8.0, 0.0)	(9.0, 0.0)	(10.0, 0.0)	(11.0, 0.0)	(12.0, 0.0)	(13.0, 0.0)	(14.0, 0.0)	(15.0, 1.0)	(16.0, 1.0)	(17.0, 0.0)	(18.0, 0.0)	(19.0, 0.0)	(20.0, 0.5)	(21.0, 1.0)	(22.0, 1.5)	(23.0, 3.5)	(24.0, 3.5)	(25.0, 5.0)	(26.0, 5.5)	(27.0, 6.5)	(28.0, 14.0)	(29.0, 31.0)	(30.0, 49.5)	(31.0, 66.0)	(32.0, 80.0)	(33.0, 91.0)	(34.0, 111.5)	(35.0, 134.5)	(36.0, 174.0)	(37.0, 223.5)	(38.0, 255.5)	(39.0, 241.5)	(40.0, 195.5)	(41.0, 190.0)	(42.0, 196.5)	(43.0, 219.0)	(44.0, 261.5)	(45.0, 258.5)	(46.0, 269.5)	(47.0, 331.0)	(48.0, 384.5)	(49.0, 385.0)	(50.0, 362.5)	(51.0, 381.5)	(52.0, 462.5)	(53.0, 512.5)	(54.0, 466.5)	(55.0, 427.0)	(56.0, 395.0)	(57.0, 362.5)	(58.0, 333.0)	(59.0, 294.0)	(60.0, 253.0)	(61.0, 216.0)	(62.0, 218.5)	(63.0, 221.0)	(64.0, 184.0)	(65.0, 136.5)	(66.0, 122.5)	(67.0, 107.0)	(68.0, 89.0)	(69.0, 70.0)	(70.0, 48.0)	(71.0, 41.5)	(72.0, 31.5)	(73.0, 21.5)	(74.0, 14.5)	(75.0, 10.5)	(76.0, 9.0)	(77.0, 5.0)	(78.0, 3.5)	(79.0, 3.5)	(80.0, 1.5)	(81.0, 0.5)	(82.0, 1.0)	(83.0, 1.5)	(84.0, 0.5)	(85.0, 0.0)	(86.0, 0.0)	(87.0, 0.0)	(88.0, 0.0)	(89.0, 0.0)	(90.0, 0.0)	(91.0, 0.0)	(92.0, 0.0)	(93.0, 0.0)	(94.0, 0.0)	(95.0, 0.0)	(96.0, 0.0)	(97.0, 0.0)	(98.0, 0.0)	(99.0, 0.0)	(100.0, 0.0)
HBR_Rep2_ERCC-Mix2_Build37-ErccTranscripts-chr22.read2	(0.0, 0.0)	(1.0, 0.0)	(2.0, 0.0)	(3.0, 0.0)	(4.0, 0.0)	(5.0, 0.0)	(6.0, 0.0)	(7.0, 0.0)	(8.0, 0.0)	(9.0, 0.0)	(10.0, 0.0)	(11.0, 0.0)	(12.0, 0.0)	(13.0, 0.0)	(14.0, 0.5)	(15.0, 1.0)	(16.0, 0.5)	(17.0, 0.0)	(18.0, 1.0)	(19.0, 1.5)	(20.0, 0.5)	(21.0, 0.0)	(22.0, 1.5)	(23.0, 2.5)	(24.0, 3.0)	(25.0, 3.5)	(26.0, 6.0)	(27.0, 7.5)	(28.0, 8.5)	(29.0, 17.0)	(30.0, 29.5)	(31.0, 55.5)	(32.0, 79.5)	(33.0, 88.5)	(34.0, 120.5)	(35.0, 145.5)	(36.0, 161.5)	(37.0, 184.0)	(38.0, 226.5)	(39.0, 239.5)	(40.0, 243.0)	(41.0, 225.0)	(42.0, 179.0)	(43.0, 185.0)	(44.0, 234.0)	(45.0, 272.0)	(46.0, 281.0)	(47.0, 319.5)	(48.0, 340.5)	(49.0, 350.0)	(50.0, 369.0)	(51.0, 390.5)	(52.0, 446.5)	(53.0, 482.5)	(54.0, 498.0)	(55.0, 451.0)	(56.0, 395.0)	(57.0, 375.5)	(58.0, 359.5)	(59.0, 347.0)	(60.0, 281.5)	(61.0, 226.0)	(62.0, 203.0)	(63.0, 203.5)	(64.0, 192.0)	(65.0, 158.5)	(66.0, 118.0)	(67.0, 98.0)	(68.0, 92.5)	(69.0, 69.5)	(70.0, 53.5)	(71.0, 42.0)	(72.0, 32.5)	(73.0, 29.0)	(74.0, 22.0)	(75.0, 16.5)	(76.0, 12.0)	(77.0, 7.5)	(78.0, 5.0)	(79.0, 4.0)	(80.0, 2.5)	(81.0, 1.0)	(82.0, 0.5)	(83.0, 0.0)	(84.0, 0.5)	(85.0, 0.5)	(86.0, 0.0)	(87.0, 0.0)	(88.0, 0.0)	(89.0, 0.0)	(90.0, 0.0)	(91.0, 0.0)	(92.0, 0.0)	(93.0, 0.0)	(94.0, 0.0)	(95.0, 0.0)	(96.0, 0.0)	(97.0, 0.0)	(98.0, 0.0)	(99.0, 0.0)	(100.0, 0.0)
HBR_Rep3_ERCC-Mix2_Build37-ErccTranscripts-chr22.read1	(0.0, 0.0)	(1.0, 0.0)	(2.0, 0.0)	(3.0, 0.0)	(4.0, 0.0)	(5.0, 0.0)	(6.0, 0.0)	(7.0, 0.0)	(8.0, 0.0)	(9.0, 0.0)	(10.0, 0.0)	(11.0, 0.0)	(12.0, 0.0)	(13.0, 0.0)	(14.0, 0.0)	(15.0, 0.0)	(16.0, 0.5)	(17.0, 1.0)	(18.0, 0.5)	(19.0, 0.5)	(20.0, 0.5)	(21.0, 3.0)	(22.0, 3.5)	(23.0, 2.0)	(24.0, 6.5)	(25.0, 9.5)	(26.0, 9.0)	(27.0, 9.5)	(28.0, 12.0)	(29.0, 33.0)	(30.0, 48.5)	(31.0, 61.0)	(32.0, 70.5)	(33.0, 74.0)	(34.0, 95.0)	(35.0, 130.0)	(36.0, 197.5)	(37.0, 252.0)	(38.0, 289.5)	(39.0, 267.0)	(40.0, 218.0)	(41.0, 207.0)	(42.0, 199.5)	(43.0, 205.5)	(44.0, 234.5)	(45.0, 268.0)	(46.0, 315.5)	(47.0, 338.5)	(48.0, 330.5)	(49.0, 357.0)	(50.0, 364.0)	(51.0, 368.0)	(52.0, 466.5)	(53.0, 522.0)	(54.0, 458.5)	(55.0, 410.5)	(56.0, 376.0)	(57.0, 362.0)	(58.0, 335.5)	(59.0, 303.0)	(60.0, 268.0)	(61.0, 224.5)	(62.0, 205.5)	(63.0, 198.0)	(64.0, 175.0)	(65.0, 137.5)	(66.0, 127.0)	(67.0, 108.5)	(68.0, 81.0)	(69.0, 66.0)	(70.0, 54.5)	(71.0, 42.0)	(72.0, 26.0)	(73.0, 19.5)	(74.0, 17.0)	(75.0, 10.5)	(76.0, 8.0)	(77.0, 6.0)	(78.0, 3.5)	(79.0, 2.5)	(80.0, 1.5)	(81.0, 0.0)	(82.0, 0.5)	(83.0, 0.5)	(84.0, 0.0)	(85.0, 0.5)	(86.0, 0.5)	(87.0, 0.0)	(88.0, 0.0)	(89.0, 0.0)	(90.0, 0.0)	(91.0, 0.0)	(92.0, 0.0)	(93.0, 0.0)	(94.0, 0.0)	(95.0, 0.0)	(96.0, 0.0)	(97.0, 0.0)	(98.0, 0.0)	(99.0, 0.0)	(100.0, 0.0)
HBR_Rep3_ERCC-Mix2_Build37-ErccTranscripts-chr22.read2	(0.0, 0.0)	(1.0, 0.0)	(2.0, 0.0)	(3.0, 0.0)	(4.0, 0.0)	(5.0, 0.0)	(6.0, 0.0)	(7.0, 0.0)	(8.0, 0.0)	(9.0, 0.0)	(10.0, 0.0)	(11.0, 0.0)	(12.0, 0.0)	(13.0, 0.0)	(14.0, 0.0)	(15.0, 0.0)	(16.0, 0.0)	(17.0, 0.0)	(18.0, 0.5)	(19.0, 0.5)	(20.0, 0.0)	(21.0, 1.0)	(22.0, 2.0)	(23.0, 2.5)	(24.0, 2.0)	(25.0, 3.5)	(26.0, 7.5)	(27.0, 9.5)	(28.0, 13.5)	(29.0, 20.5)	(30.0, 37.0)	(31.0, 82.5)	(32.0, 99.5)	(33.0, 82.0)	(34.0, 104.0)	(35.0, 145.5)	(36.0, 173.5)	(37.0, 204.0)	(38.0, 251.0)	(39.0, 256.0)	(40.0, 247.0)	(41.0, 217.5)	(42.0, 180.0)	(43.0, 198.0)	(44.0, 224.0)	(45.0, 242.5)	(46.0, 287.5)	(47.0, 333.5)	(48.0, 349.5)	(49.0, 359.5)	(50.0, 355.0)	(51.0, 372.5)	(52.0, 432.5)	(53.0, 469.5)	(54.0, 470.5)	(55.0, 428.0)	(56.0, 400.0)	(57.0, 373.0)	(58.0, 344.0)	(59.0, 330.5)	(60.0, 289.5)	(61.0, 237.5)	(62.0, 205.5)	(63.0, 201.0)	(64.0, 171.0)	(65.0, 143.0)	(66.0, 129.5)	(67.0, 116.5)	(68.0, 91.0)	(69.0, 61.5)	(70.0, 57.5)	(71.0, 54.5)	(72.0, 34.0)	(73.0, 24.0)	(74.0, 24.0)	(75.0, 16.5)	(76.0, 8.0)	(77.0, 9.0)	(78.0, 7.5)	(79.0, 4.0)	(80.0, 2.0)	(81.0, 0.5)	(82.0, 0.0)	(83.0, 0.0)	(84.0, 0.0)	(85.0, 0.0)	(86.0, 0.0)	(87.0, 0.0)	(88.0, 0.0)	(89.0, 0.0)	(90.0, 0.0)	(91.0, 0.0)	(92.0, 0.0)	(93.0, 0.0)	(94.0, 0.0)	(95.0, 0.0)	(96.0, 0.0)	(97.0, 0.0)	(98.0, 0.0)	(99.0, 0.0)	(100.0, 0.0)
UHR_Rep1_ERCC-Mix1_Build37-ErccTranscripts-chr22.read1	(0.0, 0.0)	(1.0, 0.0)	(2.0, 0.0)	(3.0, 0.0)	(4.0, 0.0)	(5.0, 0.0)	(6.0, 0.0)	(7.0, 0.0)	(8.0, 0.0)	(9.0, 0.0)	(10.0, 0.0)	(11.0, 0.0)	(12.0, 0.0)	(13.0, 0.0)	(14.0, 0.0)	(15.0, 0.5)	(16.0, 0.5)	(17.0, 0.5)	(18.0, 0.5)	(19.0, 0.5)	(20.0, 0.5)	(21.0, 0.5)	(22.0, 2.0)	(23.0, 4.0)	(24.0, 5.5)	(25.0, 5.5)	(26.0, 7.5)	(27.0, 8.5)	(28.0, 11.5)	(29.0, 33.5)	(30.0, 57.0)	(31.0, 63.5)	(32.0, 67.0)	(33.0, 89.5)	(34.0, 106.0)	(35.0, 122.5)	(36.0, 168.5)	(37.0, 206.0)	(38.0, 241.5)	(39.0, 244.5)	(40.0, 205.5)	(41.0, 216.5)	(42.0, 245.0)	(43.0, 256.0)	(44.0, 309.5)	(45.0, 354.5)	(46.0, 400.5)	(47.0, 449.5)	(48.0, 475.0)	(49.0, 430.0)	(50.0, 378.0)	(51.0, 387.0)	(52.0, 442.0)	(53.0, 467.5)	(54.0, 424.5)	(55.0, 425.5)	(56.0, 372.5)	(57.0, 309.0)	(58.0, 284.0)	(59.0, 270.0)	(60.0, 250.5)	(61.0, 201.0)	(62.0, 179.5)	(63.0, 177.5)	(64.0, 143.5)	(65.0, 102.0)	(66.0, 94.0)	(67.0, 84.5)	(68.0, 66.0)	(69.0, 49.0)	(70.0, 36.0)	(71.0, 25.5)	(72.0, 15.0)	(73.0, 7.5)	(74.0, 7.0)	(75.0, 5.0)	(76.0, 2.5)	(77.0, 2.0)	(78.0, 1.5)	(79.0, 1.0)	(80.0, 0.0)	(81.0, 0.0)	(82.0, 0.0)	(83.0, 0.0)	(84.0, 0.0)	(85.0, 0.0)	(86.0, 0.0)	(87.0, 0.0)	(88.0, 0.0)	(89.0, 0.0)	(90.0, 0.0)	(91.0, 0.0)	(92.0, 0.0)	(93.0, 0.0)	(94.0, 0.0)	(95.0, 0.0)	(96.0, 0.0)	(97.0, 0.0)	(98.0, 0.0)	(99.0, 0.0)	(100.0, 0.0)
UHR_Rep1_ERCC-Mix1_Build37-ErccTranscripts-chr22.read2	(0.0, 0.0)	(1.0, 0.0)	(2.0, 0.0)	(3.0, 0.0)	(4.0, 0.0)	(5.0, 0.0)	(6.0, 0.0)	(7.0, 0.0)	(8.0, 0.0)	(9.0, 0.0)	(10.0, 0.0)	(11.0, 0.0)	(12.0, 0.0)	(13.0, 0.0)	(14.0, 0.0)	(15.0, 0.0)	(16.0, 0.0)	(17.0, 0.0)	(18.0, 0.0)	(19.0, 1.5)	(20.0, 2.0)	(21.0, 1.0)	(22.0, 2.0)	(23.0, 5.0)	(24.0, 4.5)	(25.0, 4.0)	(26.0, 8.5)	(27.0, 9.5)	(28.0, 18.5)	(29.0, 30.0)	(30.0, 41.0)	(31.0, 73.5)	(32.0, 87.0)	(33.0, 89.5)	(34.0, 119.0)	(35.0, 153.5)	(36.0, 170.5)	(37.0, 179.5)	(38.0, 207.5)	(39.0, 242.0)	(40.0, 269.0)	(41.0, 240.5)	(42.0, 213.5)	(43.0, 244.0)	(44.0, 297.0)	(45.0, 307.0)	(46.0, 309.5)	(47.0, 382.5)	(48.0, 445.5)	(49.0, 435.5)	(50.0, 409.5)	(51.0, 397.0)	(52.0, 418.0)	(53.0, 437.5)	(54.0, 414.5)	(55.0, 400.5)	(56.0, 381.5)	(57.0, 348.5)	(58.0, 344.5)	(59.0, 320.0)	(60.0, 268.5)	(61.0, 228.5)	(62.0, 197.0)	(63.0, 176.5)	(64.0, 143.0)	(65.0, 116.0)	(66.0, 89.5)	(67.0, 70.0)	(68.0, 59.5)	(69.0, 53.0)	(70.0, 41.5)	(71.0, 29.5)	(72.0, 21.0)	(73.0, 12.0)	(74.0, 12.0)	(75.0, 8.5)	(76.0, 2.0)	(77.0, 2.0)	(78.0, 2.0)	(79.0, 2.0)	(80.0, 1.0)	(81.0, 0.0)	(82.0, 0.0)	(83.0, 0.0)	(84.0, 0.0)	(85.0, 0.0)	(86.0, 0.0)	(87.0, 0.0)	(88.0, 0.0)	(89.0, 0.0)	(90.0, 0.0)	(91.0, 0.0)	(92.0, 0.0)	(93.0, 0.0)	(94.0, 0.0)	(95.0, 0.0)	(96.0, 0.0)	(97.0, 0.0)	(98.0, 0.0)	(99.0, 0.0)	(100.0, 0.0)
UHR_Rep2_ERCC-Mix1_Build37-ErccTranscripts-chr22.read1	(0.0, 0.0)	(1.0, 0.0)	(2.0, 0.0)	(3.0, 0.0)	(4.0, 0.0)	(5.0, 0.0)	(6.0, 0.0)	(7.0, 0.0)	(8.0, 0.0)	(9.0, 0.5)	(10.0, 0.5)	(11.0, 0.0)	(12.0, 0.0)	(13.0, 0.0)	(14.0, 0.0)	(15.0, 0.0)	(16.0, 0.5)	(17.0, 1.5)	(18.0, 1.5)	(19.0, 1.5)	(20.0, 2.0)	(21.0, 2.0)	(22.0, 1.5)	(23.0, 2.0)	(24.0, 3.0)	(25.0, 4.5)	(26.0, 9.5)	(27.0, 18.0)	(28.0, 22.5)	(29.0, 34.0)	(30.0, 60.0)	(31.0, 79.0)	(32.0, 89.0)	(33.0, 101.0)	(34.0, 126.5)	(35.0, 148.0)	(36.0, 190.0)	(37.0, 248.0)	(38.0, 300.5)	(39.0, 299.5)	(40.0, 239.0)	(41.0, 227.0)	(42.0, 251.0)	(43.0, 257.5)	(44.0, 290.0)	(45.0, 356.0)	(46.0, 422.5)	(47.0, 432.0)	(48.0, 420.0)	(49.0, 405.0)	(50.0, 357.5)	(51.0, 374.5)	(52.0, 436.0)	(53.0, 446.0)	(54.0, 389.5)	(55.0, 354.0)	(56.0, 335.0)	(57.0, 302.5)	(58.0, 280.0)	(59.0, 273.0)	(60.0, 244.0)	(61.0, 201.0)	(62.0, 191.0)	(63.0, 173.5)	(64.0, 137.0)	(65.0, 97.5)	(66.0, 84.5)	(67.0, 72.0)	(68.0, 53.5)	(69.0, 44.0)	(70.0, 32.5)	(71.0, 25.5)	(72.0, 21.0)	(73.0, 15.0)	(74.0, 7.0)	(75.0, 3.0)	(76.0, 1.5)	(77.0, 1.5)	(78.0, 0.5)	(79.0, 0.0)	(80.0, 0.0)	(81.0, 0.0)	(82.0, 0.0)	(83.0, 0.0)	(84.0, 0.0)	(85.0, 0.0)	(86.0, 0.0)	(87.0, 0.0)	(88.0, 0.0)	(89.0, 0.0)	(90.0, 0.0)	(91.0, 0.0)	(92.0, 0.0)	(93.0, 0.0)	(94.0, 0.0)	(95.0, 0.0)	(96.0, 0.0)	(97.0, 0.0)	(98.0, 0.0)	(99.0, 0.0)	(100.0, 0.0)
UHR_Rep2_ERCC-Mix1_Build37-ErccTranscripts-chr22.read2	(0.0, 0.0)	(1.0, 0.0)	(2.0, 0.0)	(3.0, 0.0)	(4.0, 0.0)	(5.0, 0.0)	(6.0, 0.0)	(7.0, 0.0)	(8.0, 0.0)	(9.0, 0.0)	(10.0, 0.0)	(11.0, 0.0)	(12.0, 0.0)	(13.0, 0.0)	(14.0, 0.5)	(15.0, 0.5)	(16.0, 0.5)	(17.0, 1.0)	(18.0, 2.0)	(19.0, 2.0)	(20.0, 1.0)	(21.0, 1.5)	(22.0, 2.5)	(23.0, 3.0)	(24.0, 5.0)	(25.0, 7.5)	(26.0, 9.0)	(27.0, 13.0)	(28.0, 19.5)	(29.0, 28.5)	(30.0, 49.5)	(31.0, 86.5)	(32.0, 107.5)	(33.0, 113.0)	(34.0, 151.0)	(35.0, 180.5)	(36.0, 200.5)	(37.0, 228.5)	(38.0, 249.5)	(39.0, 273.5)	(40.0, 290.5)	(41.0, 273.0)	(42.0, 219.5)	(43.0, 220.0)	(44.0, 278.0)	(45.0, 311.5)	(46.0, 322.5)	(47.0, 368.0)	(48.0, 427.0)	(49.0, 418.0)	(50.0, 375.5)	(51.0, 366.5)	(52.0, 387.0)	(53.0, 398.5)	(54.0, 401.5)	(55.0, 396.0)	(56.0, 365.0)	(57.0, 338.5)	(58.0, 330.0)	(59.0, 314.5)	(60.0, 259.5)	(61.0, 215.0)	(62.0, 186.0)	(63.0, 167.5)	(64.0, 151.0)	(65.0, 107.5)	(66.0, 83.0)	(67.0, 72.5)	(68.0, 58.5)	(69.0, 47.0)	(70.0, 37.0)	(71.0, 27.5)	(72.0, 16.0)	(73.0, 9.5)	(74.0, 8.0)	(75.0, 5.5)	(76.0, 4.0)	(77.0, 3.0)	(78.0, 1.5)	(79.0, 1.0)	(80.0, 0.5)	(81.0, 0.5)	(82.0, 0.5)	(83.0, 0.0)	(84.0, 0.0)	(85.0, 0.0)	(86.0, 0.0)	(87.0, 0.0)	(88.0, 0.0)	(89.0, 0.0)	(90.0, 0.0)	(91.0, 0.0)	(92.0, 0.0)	(93.0, 0.0)	(94.0, 0.0)	(95.0, 0.0)	(96.0, 0.0)	(97.0, 0.0)	(98.0, 0.0)	(99.0, 0.0)	(100.0, 0.0)
UHR_Rep3_ERCC-Mix1_Build37-ErccTranscripts-chr22.read1	(0.0, 0.0)	(1.0, 0.0)	(2.0, 0.0)	(3.0, 0.0)	(4.0, 0.0)	(5.0, 0.0)	(6.0, 0.0)	(7.0, 0.0)	(8.0, 0.0)	(9.0, 0.0)	(10.0, 0.0)	(11.0, 0.0)	(12.0, 0.0)	(13.0, 0.0)	(14.0, 0.0)	(15.0, 0.5)	(16.0, 0.5)	(17.0, 0.0)	(18.0, 0.0)	(19.0, 0.0)	(20.0, 0.5)	(21.0, 1.5)	(22.0, 1.0)	(23.0, 2.0)	(24.0, 6.5)	(25.0, 6.0)	(26.0, 4.5)	(27.0, 5.0)	(28.0, 8.0)	(29.0, 25.5)	(30.0, 48.5)	(31.0, 67.0)	(32.0, 80.5)	(33.0, 92.5)	(34.0, 103.0)	(35.0, 118.0)	(36.0, 160.5)	(37.0, 217.5)	(38.0, 261.5)	(39.0, 256.5)	(40.0, 219.5)	(41.0, 221.5)	(42.0, 223.0)	(43.0, 245.0)	(44.0, 312.5)	(45.0, 354.5)	(46.0, 433.0)	(47.0, 471.0)	(48.0, 431.5)	(49.0, 410.5)	(50.0, 399.5)	(51.0, 406.0)	(52.0, 439.0)	(53.0, 462.0)	(54.0, 423.5)	(55.0, 397.0)	(56.0, 354.0)	(57.0, 310.0)	(58.0, 279.5)	(59.0, 254.5)	(60.0, 246.0)	(61.0, 220.0)	(62.0, 204.5)	(63.0, 168.0)	(64.0, 125.0)	(65.0, 96.0)	(66.0, 90.0)	(67.0, 95.0)	(68.0, 73.5)	(69.0, 49.5)	(70.0, 33.5)	(71.0, 24.0)	(72.0, 23.0)	(73.0, 15.0)	(74.0, 10.0)	(75.0, 5.5)	(76.0, 3.5)	(77.0, 3.0)	(78.0, 1.0)	(79.0, 0.0)	(80.0, 0.0)	(81.0, 0.0)	(82.0, 0.0)	(83.0, 0.0)	(84.0, 0.0)	(85.0, 0.0)	(86.0, 0.0)	(87.0, 0.0)	(88.0, 0.0)	(89.0, 0.0)	(90.0, 0.0)	(91.0, 0.0)	(92.0, 0.0)	(93.0, 0.0)	(94.0, 0.0)	(95.0, 0.0)	(96.0, 0.0)	(97.0, 0.0)	(98.0, 0.0)	(99.0, 0.0)	(100.0, 0.0)
UHR_Rep3_ERCC-Mix1_Build37-ErccTranscripts-chr22.read2	(0.0, 0.0)	(1.0, 0.0)	(2.0, 0.0)	(3.0, 0.0)	(4.0, 0.0)	(5.0, 0.0)	(6.0, 0.0)	(7.0, 0.0)	(8.0, 0.0)	(9.0, 0.0)	(10.0, 0.0)	(11.0, 0.0)	(12.0, 0.0)	(13.0, 0.0)	(14.0, 0.0)	(15.0, 0.0)	(16.0, 0.5)	(17.0, 1.0)	(18.0, 0.5)	(19.0, 0.0)	(20.0, 0.0)	(21.0, 1.0)	(22.0, 1.5)	(23.0, 2.5)	(24.0, 4.0)	(25.0, 4.0)	(26.0, 8.0)	(27.0, 10.0)	(28.0, 13.5)	(29.0, 19.0)	(30.0, 37.0)	(31.0, 78.5)	(32.0, 89.5)	(33.0, 82.0)	(34.0, 111.0)	(35.0, 137.0)	(36.0, 160.0)	(37.0, 195.0)	(38.0, 230.5)	(39.0, 272.5)	(40.0, 279.0)	(41.0, 251.5)	(42.0, 223.5)	(43.0, 231.0)	(44.0, 288.0)	(45.0, 314.5)	(46.0, 330.0)	(47.0, 401.0)	(48.0, 452.0)	(49.0, 435.0)	(50.0, 387.5)	(51.0, 370.0)	(52.0, 391.0)	(53.0, 410.0)	(54.0, 422.0)	(55.0, 419.0)	(56.0, 381.0)	(57.0, 343.5)	(58.0, 347.0)	(59.0, 324.5)	(60.0, 272.0)	(61.0, 230.5)	(62.0, 191.0)	(63.0, 168.0)	(64.0, 135.0)	(65.0, 101.5)	(66.0, 85.0)	(67.0, 72.0)	(68.0, 66.5)	(69.0, 64.5)	(70.0, 50.5)	(71.0, 31.5)	(72.0, 24.0)	(73.0, 16.5)	(74.0, 10.0)	(75.0, 7.5)	(76.0, 5.0)	(77.0, 3.5)	(78.0, 2.0)	(79.0, 1.5)	(80.0, 2.0)	(81.0, 0.5)	(82.0, 0.0)	(83.0, 0.0)	(84.0, 0.0)	(85.0, 0.0)	(86.0, 0.0)	(87.0, 0.0)	(88.0, 0.0)	(89.0, 0.0)	(90.0, 0.0)	(91.0, 0.0)	(92.0, 0.0)	(93.0, 0.0)	(94.0, 0.0)	(95.0, 0.0)	(96.0, 0.0)	(97.0, 0.0)	(98.0, 0.0)	(99.0, 0.0)	(100.0, 0.0)
