Sample	0	1	2	3	4	5	6	7	8	9	10	11	12	13	14	15	16	17	18	19	20	21	22	23	24	25	26	27	28	29	30	31	32	33	34	35	36	37	38
HBR_Rep1_ERCC-Mix2_Build37-ErccTranscripts-chr22.read1	(12.0, 2.0)	(13.0, 0.0)	(14.0, 3.0)	(15.0, 0.0)	(16.0, 4.0)	(17.0, 4.0)	(18.0, 3.0)	(19.0, 8.0)	(20.0, 4.0)	(21.0, 13.0)	(22.0, 9.0)	(23.0, 8.0)	(24.0, 17.0)	(25.0, 20.0)	(26.0, 39.0)	(27.0, 45.0)	(28.0, 56.0)	(29.0, 95.0)	(30.0, 112.0)	(31.0, 142.0)	(32.0, 212.0)	(33.0, 295.0)	(34.0, 430.0)	(35.0, 790.0)	(36.0, 1624.0)	(37.0, 2884.0)	(38.0, 2449.0)	(39.0, 731.0)	(40.0, 1.0)										
HBR_Rep1_ERCC-Mix2_Build37-ErccTranscripts-chr22.read2	(2.0, 4.0)	(3.0, 2.0)	(4.0, 2.0)	(5.0, 2.0)	(6.0, 4.0)	(7.0, 0.0)	(8.0, 6.0)	(9.0, 5.0)	(10.0, 3.0)	(11.0, 4.0)	(12.0, 8.0)	(13.0, 3.0)	(14.0, 3.0)	(15.0, 7.0)	(16.0, 5.0)	(17.0, 7.0)	(18.0, 14.0)	(19.0, 11.0)	(20.0, 12.0)	(21.0, 9.0)	(22.0, 17.0)	(23.0, 20.0)	(24.0, 29.0)	(25.0, 48.0)	(26.0, 41.0)	(27.0, 64.0)	(28.0, 94.0)	(29.0, 105.0)	(30.0, 117.0)	(31.0, 168.0)	(32.0, 229.0)	(33.0, 312.0)	(34.0, 408.0)	(35.0, 818.0)	(36.0, 1862.0)	(37.0, 2822.0)	(38.0, 1997.0)	(39.0, 737.0)	(40.0, 1.0)
HBR_Rep2_ERCC-Mix2_Build37-ErccTranscripts-chr22.read1	(9.0, 1.0)	(10.0, 0.0)	(11.0, 1.0)	(12.0, 0.0)	(13.0, 1.0)	(14.0, 5.0)	(15.0, 2.0)	(16.0, 3.0)	(17.0, 4.0)	(18.0, 7.0)	(19.0, 3.0)	(20.0, 7.0)	(21.0, 14.0)	(22.0, 7.0)	(23.0, 13.0)	(24.0, 24.0)	(25.0, 24.0)	(26.0, 26.0)	(27.0, 42.0)	(28.0, 67.0)	(29.0, 85.0)	(30.0, 117.0)	(31.0, 157.0)	(32.0, 204.0)	(33.0, 300.0)	(34.0, 507.0)	(35.0, 800.0)	(36.0, 1634.0)	(37.0, 2867.0)	(38.0, 2306.0)	(39.0, 771.0)	(40.0, 1.0)							
HBR_Rep2_ERCC-Mix2_Build37-ErccTranscripts-chr22.read2	(2.0, 1.0)	(3.0, 0.0)	(4.0, 1.0)	(5.0, 0.0)	(6.0, 0.0)	(7.0, 0.0)	(8.0, 0.0)	(9.0, 2.0)	(10.0, 2.0)	(11.0, 5.0)	(12.0, 9.0)	(13.0, 7.0)	(14.0, 4.0)	(15.0, 11.0)	(16.0, 9.0)	(17.0, 12.0)	(18.0, 11.0)	(19.0, 11.0)	(20.0, 10.0)	(21.0, 26.0)	(22.0, 15.0)	(23.0, 20.0)	(24.0, 32.0)	(25.0, 32.0)	(26.0, 44.0)	(27.0, 72.0)	(28.0, 68.0)	(29.0, 99.0)	(30.0, 123.0)	(31.0, 180.0)	(32.0, 257.0)	(33.0, 335.0)	(34.0, 477.0)	(35.0, 774.0)	(36.0, 1787.0)	(37.0, 2855.0)	(38.0, 2026.0)	(39.0, 681.0)	(40.0, 2.0)
HBR_Rep3_ERCC-Mix2_Build37-ErccTranscripts-chr22.read1	(11.0, 1.0)	(12.0, 1.0)	(13.0, 1.0)	(14.0, 2.0)	(15.0, 1.0)	(16.0, 4.0)	(17.0, 7.0)	(18.0, 7.0)	(19.0, 7.0)	(20.0, 5.0)	(21.0, 8.0)	(22.0, 13.0)	(23.0, 14.0)	(24.0, 17.0)	(25.0, 29.0)	(26.0, 34.0)	(27.0, 41.0)	(28.0, 55.0)	(29.0, 83.0)	(30.0, 120.0)	(31.0, 152.0)	(32.0, 190.0)	(33.0, 273.0)	(34.0, 439.0)	(35.0, 747.0)	(36.0, 1676.0)	(37.0, 2843.0)	(38.0, 2423.0)	(39.0, 805.0)	(40.0, 2.0)									
HBR_Rep3_ERCC-Mix2_Build37-ErccTranscripts-chr22.read2	(2.0, 4.0)	(3.0, 3.0)	(4.0, 4.0)	(5.0, 3.0)	(6.0, 4.0)	(7.0, 1.0)	(8.0, 2.0)	(9.0, 6.0)	(10.0, 4.0)	(11.0, 7.0)	(12.0, 8.0)	(13.0, 4.0)	(14.0, 7.0)	(15.0, 6.0)	(16.0, 12.0)	(17.0, 6.0)	(18.0, 15.0)	(19.0, 13.0)	(20.0, 15.0)	(21.0, 14.0)	(22.0, 12.0)	(23.0, 10.0)	(24.0, 36.0)	(25.0, 38.0)	(26.0, 54.0)	(27.0, 56.0)	(28.0, 73.0)	(29.0, 113.0)	(30.0, 130.0)	(31.0, 172.0)	(32.0, 220.0)	(33.0, 284.0)	(34.0, 473.0)	(35.0, 762.0)	(36.0, 1720.0)	(37.0, 2930.0)	(38.0, 2065.0)	(39.0, 713.0)	(40.0, 1.0)
UHR_Rep1_ERCC-Mix1_Build37-ErccTranscripts-chr22.read1	(8.0, 1.0)	(9.0, 1.0)	(10.0, 1.0)	(11.0, 0.0)	(12.0, 1.0)	(13.0, 2.0)	(14.0, 4.0)	(15.0, 4.0)	(16.0, 7.0)	(17.0, 6.0)	(18.0, 8.0)	(19.0, 11.0)	(20.0, 10.0)	(21.0, 13.0)	(22.0, 14.0)	(23.0, 21.0)	(24.0, 36.0)	(25.0, 33.0)	(26.0, 65.0)	(27.0, 74.0)	(28.0, 117.0)	(29.0, 143.0)	(30.0, 211.0)	(31.0, 302.0)	(32.0, 348.0)	(33.0, 473.0)	(34.0, 647.0)	(35.0, 970.0)	(36.0, 1630.0)	(37.0, 2491.0)	(38.0, 1883.0)	(39.0, 473.0)							
UHR_Rep1_ERCC-Mix1_Build37-ErccTranscripts-chr22.read2	(2.0, 7.0)	(3.0, 1.0)	(4.0, 1.0)	(5.0, 4.0)	(6.0, 5.0)	(7.0, 5.0)	(8.0, 5.0)	(9.0, 5.0)	(10.0, 13.0)	(11.0, 11.0)	(12.0, 14.0)	(13.0, 9.0)	(14.0, 20.0)	(15.0, 19.0)	(16.0, 16.0)	(17.0, 16.0)	(18.0, 17.0)	(19.0, 31.0)	(20.0, 25.0)	(21.0, 24.0)	(22.0, 39.0)	(23.0, 43.0)	(24.0, 49.0)	(25.0, 79.0)	(26.0, 107.0)	(27.0, 105.0)	(28.0, 155.0)	(29.0, 206.0)	(30.0, 241.0)	(31.0, 329.0)	(32.0, 384.0)	(33.0, 535.0)	(34.0, 674.0)	(35.0, 1070.0)	(36.0, 1686.0)	(37.0, 2235.0)	(38.0, 1455.0)	(39.0, 360.0)	
UHR_Rep2_ERCC-Mix1_Build37-ErccTranscripts-chr22.read1	(10.0, 1.0)	(11.0, 2.0)	(12.0, 1.0)	(13.0, 3.0)	(14.0, 6.0)	(15.0, 4.0)	(16.0, 3.0)	(17.0, 4.0)	(18.0, 9.0)	(19.0, 11.0)	(20.0, 21.0)	(21.0, 15.0)	(22.0, 16.0)	(23.0, 23.0)	(24.0, 37.0)	(25.0, 42.0)	(26.0, 60.0)	(27.0, 78.0)	(28.0, 129.0)	(29.0, 166.0)	(30.0, 229.0)	(31.0, 259.0)	(32.0, 367.0)	(33.0, 445.0)	(34.0, 684.0)	(35.0, 920.0)	(36.0, 1664.0)	(37.0, 2352.0)	(38.0, 1890.0)	(39.0, 558.0)	(40.0, 1.0)								
UHR_Rep2_ERCC-Mix1_Build37-ErccTranscripts-chr22.read2	(2.0, 7.0)	(3.0, 3.0)	(4.0, 3.0)	(5.0, 2.0)	(6.0, 1.0)	(7.0, 4.0)	(8.0, 3.0)	(9.0, 8.0)	(10.0, 10.0)	(11.0, 11.0)	(12.0, 13.0)	(13.0, 9.0)	(14.0, 19.0)	(15.0, 14.0)	(16.0, 14.0)	(17.0, 20.0)	(18.0, 22.0)	(19.0, 27.0)	(20.0, 25.0)	(21.0, 32.0)	(22.0, 40.0)	(23.0, 45.0)	(24.0, 60.0)	(25.0, 69.0)	(26.0, 92.0)	(27.0, 122.0)	(28.0, 139.0)	(29.0, 171.0)	(30.0, 264.0)	(31.0, 311.0)	(32.0, 372.0)	(33.0, 524.0)	(34.0, 706.0)	(35.0, 943.0)	(36.0, 1633.0)	(37.0, 2284.0)	(38.0, 1524.0)	(39.0, 452.0)	(40.0, 2.0)
UHR_Rep3_ERCC-Mix1_Build37-ErccTranscripts-chr22.read1	(9.0, 1.0)	(10.0, 1.0)	(11.0, 2.0)	(12.0, 2.0)	(13.0, 5.0)	(14.0, 4.0)	(15.0, 6.0)	(16.0, 1.0)	(17.0, 6.0)	(18.0, 4.0)	(19.0, 12.0)	(20.0, 13.0)	(21.0, 11.0)	(22.0, 17.0)	(23.0, 24.0)	(24.0, 32.0)	(25.0, 44.0)	(26.0, 56.0)	(27.0, 93.0)	(28.0, 129.0)	(29.0, 170.0)	(30.0, 186.0)	(31.0, 303.0)	(32.0, 335.0)	(33.0, 467.0)	(34.0, 616.0)	(35.0, 936.0)	(36.0, 1658.0)	(37.0, 2490.0)	(38.0, 1896.0)	(39.0, 480.0)								
UHR_Rep3_ERCC-Mix1_Build37-ErccTranscripts-chr22.read2	(2.0, 6.0)	(3.0, 3.0)	(4.0, 3.0)	(5.0, 3.0)	(6.0, 6.0)	(7.0, 1.0)	(8.0, 5.0)	(9.0, 5.0)	(10.0, 11.0)	(11.0, 9.0)	(12.0, 7.0)	(13.0, 10.0)	(14.0, 4.0)	(15.0, 19.0)	(16.0, 22.0)	(17.0, 20.0)	(18.0, 15.0)	(19.0, 21.0)	(20.0, 15.0)	(21.0, 29.0)	(22.0, 34.0)	(23.0, 40.0)	(24.0, 57.0)	(25.0, 55.0)	(26.0, 89.0)	(27.0, 136.0)	(28.0, 141.0)	(29.0, 192.0)	(30.0, 217.0)	(31.0, 309.0)	(32.0, 411.0)	(33.0, 483.0)	(34.0, 642.0)	(35.0, 994.0)	(36.0, 1779.0)	(37.0, 2362.0)	(38.0, 1406.0)	(39.0, 439.0)	
